Date,Open,High,Low,Close,Volume
2016-09-26,7.111111164093018,7.140096187591553,7.062800884246826,7.072463035583496,439875
2016-09-27,7.072463035583496,7.072463035583496,7.072463035583496,7.072463035583496,0
2016-09-28,7.072463035583496,7.072463035583496,7.072463035583496,7.072463035583496,0
2016-09-29,7.082125186920166,7.111111164093018,7.053140163421631,7.091786861419678,778320
2016-09-30,7.062800884246826,7.101449012756348,7.014492034912109,7.033815860748291,546480
2016-10-03,7.062800884246826,7.140096187591553,6.975844860076904,7.082125186920166,686205
2016-10-04,7.120771884918213,7.120771884918213,7.043478012084961,7.062800884246826,445050
2016-10-05,7.062800884246826,7.140096187591553,7.062800884246826,7.101449012756348,659295
2016-10-06,7.101449012756348,7.120771884918213,7.072463035583496,7.091786861419678,595125
2016-10-07,7.091786861419678,7.1497578620910645,7.033815860748291,7.140096187591553,1059840
2016-10-11,7.159420013427734,7.236713886260986,7.053140163421631,7.053140163421631,1943730
2016-10-12,6.985507011413574,7.043478012084961,6.985507011413574,7.014492034912109,603405
2016-10-13,7.014492034912109,7.082125186920166,7.0048298835754395,7.072463035583496,660330
2016-10-14,7.072463035583496,7.159420013427734,7.043478012084961,7.120771884918213,1755360
2016-10-17,7.1497578620910645,7.217391014099121,7.120771884918213,7.1884050369262695,1616670
2016-10-18,7.207728862762451,7.613525867462158,7.1980671882629395,7.478260040283203,6099255
2016-10-19,7.54589319229126,7.613525867462158,7.420289039611816,7.487922191619873,3866760
2016-10-20,7.516908168792725,7.874395847320557,7.516908168792725,7.71980619430542,10410030
2016-10-21,7.787438869476318,7.787438869476318,7.54589319229126,7.613525867462158,2967345
2016-10-24,7.729467868804932,7.777777194976807,7.613525867462158,7.729467868804932,2944575
2016-10-25,7.806763172149658,7.81642484664917,7.71980619430542,7.71980619430542,1941660
2016-10-26,7.652173042297363,7.729467868804932,7.594202041625977,7.613525867462158,1547325
2016-10-27,7.632850170135498,7.671496868133545,7.53623104095459,7.5555548667907715,1610460
2016-10-28,7.5555548667907715,7.584540843963623,7.46859884262085,7.53623104095459,1143675
2016-10-31,7.449275016784668,7.497583866119385,7.391304016113281,7.487922191619873,1253385
2016-11-01,7.487922191619873,7.71014404296875,7.439612865447998,7.661835193634033,1670490
2016-11-02,7.64251184463501,7.64251184463501,7.429951190948486,7.429951190948486,1502820
2016-11-03,7.400966167449951,7.478260040283203,7.285024166107178,7.3719801902771,1912680
2016-11-04,7.3429951667785645,7.3719801902771,7.265699863433838,7.275362014770508,1547325
2016-11-07,7.285024166107178,7.410627841949463,7.275362014770508,7.36231803894043,641700
2016-11-08,7.36231803894043,7.478260040283203,7.352656841278076,7.3719801902771,1137465
2016-11-09,7.3429951667785645,7.400966167449951,7.043478012084961,7.072463035583496,2110365
2016-11-10,7.256038188934326,7.314009189605713,7.217391014099121,7.275362014770508,1021545
2016-11-11,7.236713886260986,7.420289039611816,7.217391014099121,7.3333330154418945,1425195
2016-11-14,7.3429951667785645,7.3719801902771,7.207728862762451,7.3333330154418945,856980
2016-11-15,7.285024166107178,7.632850170135498,7.285024166107178,7.487922191619873,4138965
2016-11-16,7.487922191619873,7.565217018127441,7.410627841949463,7.478260040283203,1968570
2016-11-17,7.458937168121338,7.671496868133545,7.458937168121338,7.516908168792725,4508460
2016-11-18,7.526569843292236,7.623188018798828,7.497583866119385,7.6038641929626465,1867140
2016-11-21,7.632850170135498,7.806763172149658,7.6038641929626465,7.729467868804932,3795345
2016-11-22,7.787438869476318,7.797101020812988,7.565217018127441,7.565217018127441,2767590
2016-11-23,7.574879169464111,7.594202041625977,7.46859884262085,7.46859884262085,1483155
2016-11-24,7.497583866119385,7.565217018127441,7.478260040283203,7.53623104095459,888030
2016-11-25,7.526569843292236,7.6038641929626465,7.507246017456055,7.584540843963623,751410
2016-11-28,7.594202041625977,7.777777194976807,7.594202041625977,7.681159019470215,2458125
2016-11-29,7.729467868804932,7.835748195648193,7.681159019470215,7.758453845977783,2728260
2016-11-30,7.777777194976807,7.826086044311523,7.632850170135498,7.632850170135498,3159855
2016-12-01,7.71014404296875,8.009660720825195,7.690821170806885,7.99033784866333,11481255
2016-12-02,7.971014022827148,8.106280326843262,7.913043022155762,7.980676174163818,5758740
2016-12-05,7.971014022827148,8.028985023498535,7.826086044311523,7.826086044311523,2756205
2016-12-06,7.835748195648193,8.241544723510742,7.835748195648193,8.019323348999023,7159095
2016-12-07,8.106280326843262,8.106280326843262,7.942028045654297,8.019323348999023,2282175
2016-12-08,8.038646697998047,8.096617698669434,7.9613518714904785,7.971014022827148,2372220
2016-12-09,8.057971000671387,8.164251327514648,8.009660720825195,8.028985023498535,2411550
2016-12-12,8.164251327514648,8.34782600402832,8.115942001342773,8.202898025512695,7327800
2016-12-13,8.241544723510742,8.357486724853516,8.125602722167969,8.299515724182129,4907970
2016-12-14,8.34782600402832,8.560385704040527,8.34782600402832,8.473428726196289,7662105
2016-12-15,8.415457725524902,8.483091354370117,8.34782600402832,8.454106330871582,2653740
2016-12-16,8.454106330871582,8.637681007385254,8.454106330871582,8.637681007385254,5643855
2016-12-19,8.69565200805664,8.724637031555176,8.318840026855469,8.338164329528809,6309360
2016-12-20,8.338164329528809,8.454106330871582,8.241544723510742,8.42512035369873,3955770
2016-12-21,8.492753028869629,8.560385704040527,8.396135330200195,8.396135330200195,2244915
2016-12-22,8.396135330200195,8.396135330200195,8.096617698669434,8.106280326843262,3799485
2016-12-23,8.106280326843262,8.135265350341797,7.99033784866333,7.99033784866333,2580255
2016-12-26,7.99033784866333,8.048309326171875,7.903380870819092,7.913043022155762,2073105
2016-12-27,7.9613518714904785,7.980676174163818,7.826086044311523,7.932366847991943,2128995
2016-12-28,7.9613518714904785,8.048309326171875,7.9613518714904785,8.019323348999023,1323765
2016-12-29,8.038646697998047,8.067631721496582,7.942028045654297,7.9613518714904785,1473840
2016-12-30,8.038646697998047,8.048309326171875,7.9613518714904785,8.009660720825195,1122975
2017-01-03,8.009660720825195,8.164251327514648,7.971014022827148,8.164251327514648,1752255
2017-01-04,8.193236351013184,8.193236351013184,8.125602722167969,8.164251327514648,1367235
2017-01-05,8.164251327514648,8.193236351013184,8.106280326843262,8.135265350341797,1575270
2017-01-06,8.193236351013184,8.193236351013184,8.096617698669434,8.135265350341797,1574235
2017-01-09,8.135265350341797,8.309178352355957,8.135265350341797,8.193236351013184,2978730
2017-01-10,8.193236351013184,8.222222328186035,8.125602722167969,8.164251327514648,1246140
2017-01-11,8.212559700012207,8.25120735168457,8.17391300201416,8.202898025512695,1723275
2017-01-12,8.222222328186035,8.454106330871582,8.222222328186035,8.405797004699707,5021820
2017-01-13,8.483091354370117,8.50241470336914,8.386472702026367,8.405797004699707,2654775
2017-01-16,8.396135330200195,8.405797004699707,8.106280326843262,8.106280326843262,3605940
2017-01-17,8.106280326843262,8.164251327514648,8.086956024169922,8.135265350341797,1793655
2017-01-18,8.135265350341797,8.164251327514648,8.067631721496582,8.144927024841309,1446930
2017-01-19,8.144927024841309,8.17391300201416,8.096617698669434,8.106280326843262,1100205
2017-01-20,8.144927024841309,8.222222328186035,8.115942001342773,8.125602722167969,1759500
2017-01-23,8.125602722167969,8.193236351013184,8.125602722167969,8.15458869934082,1205775
2017-01-24,8.164251327514648,8.260869026184082,8.15458869934082,8.231884002685547,2307015
2017-02-02,8.25120735168457,8.550724029541016,8.25120735168457,8.454106330871582,5673870
2017-02-03,8.50241470336914,8.685990333557129,8.42512035369873,8.473428726196289,4796190
2017-02-06,8.473428726196289,8.64734172821045,8.473428726196289,8.64734172821045,5644890
2017-02-07,8.69565200805664,8.908211708068848,8.64734172821045,8.64734172821045,9837675
2017-02-08,8.69565200805664,8.753623008728027,8.550724029541016,8.589370727539062,3648375
2017-02-09,8.59903335571289,8.782608032226562,8.59903335571289,8.637681007385254,2564730
2017-02-10,8.6763277053833,9.120772361755371,8.657004356384277,8.792269706726074,15442200
2017-02-13,8.898550033569336,8.946859359741211,8.792269706726074,8.927536010742188,4112055
2017-02-14,8.995168685913086,9.178743362426758,8.859903335571289,8.908211708068848,6345585
2017-02-15,8.985507011413574,9.072463035583496,8.821255683898926,8.917874336242676,4029255
2017-02-16,9.01449203491211,9.03381633758545,8.830917358398438,8.8695650100708,2731365
2017-02-17,8.859903335571289,8.908211708068848,8.782608032226562,8.888888359069824,3105000
2017-02-20,8.821255683898926,8.850240707397461,8.608695030212402,8.608695030212402,4267305
2017-02-21,8.618356704711914,8.782608032226562,8.608695030212402,8.743961334228516,2307015
2017-02-22,8.792269706726074,8.8695650100708,8.792269706726074,8.811594009399414,2682720
2017-02-23,8.850240707397461,8.966182708740234,8.830917358398438,8.879226684570312,3303720
2017-02-24,8.888888359069824,8.9371976852417,8.801932334899902,8.801932334899902,2390850
2017-03-01,8.801932334899902,8.84057903289795,8.685990333557129,8.69565200805664,2582325
2017-03-02,8.753623008728027,8.782608032226562,8.50241470336914,8.589370727539062,3458970
2017-03-03,8.59903335571289,8.628019332885742,8.52173900604248,8.570048332214355,1223370
2017-03-06,8.570048332214355,8.830917358398438,8.560385704040527,8.782608032226562,2442600
2017-03-07,8.782608032226562,8.811594009399414,8.714975357055664,8.792269706726074,1405530
2017-03-08,8.84057903289795,8.84057903289795,8.714975357055664,8.801932334899902,1430370
2017-03-09,8.801932334899902,8.801932334899902,8.608695030212402,8.666666030883789,1850580
2017-03-10,8.608695030212402,8.608695030212402,8.280193328857422,8.338164329528809,4632660
2017-03-13,8.338164329528809,8.376811027526855,8.280193328857422,8.280193328857422,1919925
2017-03-14,8.280193328857422,8.386472702026367,8.212559700012207,8.318840026855469,2342205
2017-03-15,8.318840026855469,8.32850170135498,8.17391300201416,8.212559700012207,2462265
2017-03-16,8.241544723510742,8.454106330871582,8.241544723510742,8.42512035369873,1963395
2017-03-17,8.42512035369873,8.59903335571289,8.415457725524902,8.59903335571289,2930085
2017-03-20,8.589370727539062,8.59903335571289,8.454106330871582,8.52173900604248,1338255
2017-03-21,8.541062355041504,8.59903335571289,8.492753028869629,8.59903335571289,1650825
2017-03-22,8.570048332214355,8.589370727539062,8.42512035369873,8.579710006713867,1466595
2017-03-23,8.579710006713867,8.579710006713867,8.50241470336914,8.512077331542969,885960
2017-03-24,8.512077331542969,8.550724029541016,8.434782028198242,8.434782028198242,988425
2017-03-27,8.50241470336914,8.50241470336914,8.299515724182129,8.299515724182129,1660140
2017-03-28,8.338164329528809,8.338164329528809,8.17391300201416,8.299515724182129,1835055
2017-03-29,8.318840026855469,8.32850170135498,8.222222328186035,8.299515724182129,805230
2017-03-30,8.299515724182129,8.34782600402832,8.299515724182129,8.318840026855469,612720
2017-03-31,8.338164329528809,8.396135330200195,8.32850170135498,8.367149353027344,781425
2017-04-05,8.396135330200195,8.69565200805664,8.396135330200195,8.6763277053833,4337685
2017-04-06,8.763284683227539,8.763284683227539,8.628019332885742,8.69565200805664,2394990
2017-04-07,8.743961334228516,8.743961334228516,8.570048332214355,8.628019332885742,1477980
2017-04-10,8.628019332885742,8.714975357055664,8.579710006713867,8.64734172821045,1446930
2017-04-11,8.69565200805664,8.743961334228516,8.637681007385254,8.64734172821045,2670300
2017-04-12,8.628019332885742,8.69565200805664,8.618356704711914,8.69565200805664,1673595
2017-04-13,8.69565200805664,8.8695650100708,8.69565200805664,8.792269706726074,4325265
2017-04-14,8.753623008728027,8.782608032226562,8.570048332214355,8.657004356384277,2679615
2017-04-17,8.69565200805664,8.714975357055664,8.367149353027344,8.579710006713867,2077245
2017-04-18,8.608695030212402,8.618356704711914,8.50241470336914,8.570048332214355,945990
2017-04-19,8.52173900604248,8.560385704040527,8.454106330871582,8.50241470336914,851805
2017-04-20,8.463768005371094,8.463768005371094,8.405797004699707,8.415457725524902,951165
2017-04-21,8.434782028198242,8.492753028869629,8.42512035369873,8.434782028198242,810405
2017-04-24,8.454106330871582,8.560385704040527,8.434782028198242,8.560385704040527,673785
2017-04-25,8.59903335571289,8.628019332885742,8.531399726867676,8.608695030212402,1100205
2017-04-26,8.618356704711914,8.69565200805664,8.59903335571289,8.628019332885742,1255455
2017-04-27,8.637681007385254,8.705313682556152,8.59903335571289,8.6763277053833,976005
2017-04-28,8.685990333557129,8.850240707397461,8.685990333557129,8.714975357055664,3758085
2017-05-02,8.714975357055664,8.77294635772705,8.628019332885742,8.69565200805664,1161270
2017-05-03,8.666666030883789,8.666666030883789,8.608695030212402,8.628019332885742,947025
2017-05-04,8.6763277053833,8.6763277053833,8.608695030212402,8.657004356384277,715185
2017-05-05,8.657004356384277,8.657004356384277,8.463768005371094,8.473428726196289,2386710
2017-05-08,8.473428726196289,8.50241470336914,8.396135330200195,8.396135330200195,1179900
2017-05-09,8.42512035369873,8.454106330871582,8.231884002685547,8.241544723510742,1436580
2017-05-10,8.212559700012207,8.367149353027344,8.212559700012207,8.367149353027344,1144710
2017-05-11,8.405797004699707,8.42512035369873,8.34782600402832,8.376811027526855,779355
2017-05-12,8.42512035369873,8.42512035369873,8.357486724853516,8.367149353027344,446085
2017-05-15,8.367149353027344,8.376811027526855,8.241544723510742,8.270530700683594,1292715
2017-05-16,8.241544723510742,8.357486724853516,8.241544723510742,8.357486724853516,945990
2017-05-17,8.357486724853516,8.386472702026367,8.280193328857422,8.289855003356934,833175
2017-05-18,8.260869026184082,8.289855003356934,8.231884002685547,8.25120735168457,1309275
2017-05-19,8.25120735168457,8.25120735168457,8.067631721496582,8.115942001342773,1906470
2017-05-22,8.212559700012207,8.212559700012207,7.89371919631958,7.942028045654297,2400165
2017-05-23,7.942028045654297,8.028985023498535,7.942028045654297,7.99033784866333,1363095
2017-05-24,7.99033784866333,8.17391300201416,7.971014022827148,8.144927024841309,1367235
2017-05-25,8.17391300201416,8.193236351013184,8.125602722167969,8.183573722839355,915975
2017-05-26,8.193236351013184,8.193236351013184,8.135265350341797,8.183573722839355,823860
2017-05-31,8.144927024841309,8.338164329528809,8.135265350341797,8.241544723510742,2695140
2017-06-01,8.260869026184082,8.260869026184082,8.17391300201416,8.17391300201416,984285
2017-06-02,8.17391300201416,8.241544723510742,8.115942001342773,8.115942001342773,1196460
2017-06-05,8.144927024841309,8.15458869934082,8.106280326843262,8.144927024841309,848700
2017-06-06,8.144927024841309,8.144927024841309,8.067631721496582,8.07729434967041,1128150
2017-06-07,8.07729434967041,8.115942001342773,7.951690196990967,8.038646697998047,1785375
2017-06-08,8.019323348999023,8.048309326171875,7.980676174163818,8.048309326171875,719325
2017-06-09,8.038646697998047,8.212559700012207,7.971014022827148,8.15458869934082,6016455
2017-06-12,8.125602722167969,8.125602722167969,8.057971000671387,8.086956024169922,842490
2017-06-13,8.086956024169922,8.086956024169922,8.019323348999023,8.019323348999023,951165
2017-06-14,8.0,8.067631721496582,7.864734172821045,7.88405704498291,1303065
2017-06-15,7.88405704498291,7.903380870819092,7.71980619430542,7.787438869476318,2064825
2017-06-16,7.787438869476318,7.88405704498291,7.758453845977783,7.835748195648193,1063980
2017-06-19,7.845409870147705,7.89371919631958,7.845409870147705,7.855072021484375,674820
2017-06-20,7.855072021484375,7.922705173492432,7.81642484664917,7.845409870147705,1366200
2017-06-21,7.845409870147705,7.864734172821045,7.71014404296875,7.864734172821045,1554570
2017-06-22,7.874395847320557,7.88405704498291,7.835748195648193,7.835748195648193,602370
2017-06-23,7.835748195648193,7.835748195648193,7.7487921714782715,7.777777194976807,895275
2017-06-26,7.7487921714782715,7.88405704498291,7.739130020141602,7.874395847320557,1450035
2017-06-27,7.89371919631958,7.951690196990967,7.864734172821045,7.922705173492432,1426230
2017-06-28,7.922705173492432,7.99033784866333,7.913043022155762,7.951690196990967,1030860
2017-06-29,7.980676174163818,8.028985023498535,7.980676174163818,8.0,780390
2017-06-30,7.980676174163818,8.057971000671387,7.942028045654297,8.019323348999023,1195425
2017-07-03,8.038646697998047,8.15458869934082,8.028985023498535,8.096617698669434,1386900
2017-07-04,8.125602722167969,8.193236351013184,8.096617698669434,8.096617698669434,1646685
2017-07-05,8.096617698669434,8.115942001342773,8.028985023498535,8.096617698669434,624105
2017-07-06,8.067631721496582,8.212559700012207,8.067631721496582,8.115942001342773,4367700
2017-07-07,8.15458869934082,8.164251327514648,8.028985023498535,8.086956024169922,804195
2017-07-10,8.086956024169922,8.106280326843262,8.0,8.009660720825195,782460
2017-07-11,8.0,8.0,7.951690196990967,7.971014022827148,832140
2017-07-12,7.971014022827148,8.038646697998047,7.971014022827148,8.0,688275
2017-07-13,8.019323348999023,8.057971000671387,8.009660720825195,8.038646697998047,534060
2017-07-14,8.048309326171875,8.086956024169922,8.019323348999023,8.048309326171875,636525
2017-07-17,8.048309326171875,8.15458869934082,8.048309326171875,8.135265350341797,1149885
2017-07-18,8.135265350341797,8.260869026184082,8.086956024169922,8.115942001342773,3393765
2017-07-19,8.106280326843262,8.125602722167969,8.0,8.009660720825195,1603215
2017-07-20,8.028985023498535,8.048309326171875,7.9613518714904785,7.980676174163818,985320
2017-07-21,7.99033784866333,7.99033784866333,7.942028045654297,7.9613518714904785,750375
2017-07-24,7.942028045654297,7.942028045654297,7.913043022155762,7.942028045654297,586845
2017-07-25,7.913043022155762,8.260869026184082,7.913043022155762,8.057971000671387,5550705
2017-07-26,8.067631721496582,8.115942001342773,8.0,8.038646697998047,1041210
2017-07-27,8.067631721496582,8.096617698669434,8.009660720825195,8.019323348999023,724500
2017-07-28,8.019323348999023,8.048309326171875,7.99033784866333,7.99033784866333,669645
2017-07-31,7.99033784866333,8.009660720825195,7.942028045654297,8.0,820755
2017-08-01,8.0,8.07729434967041,7.971014022827148,8.07729434967041,896310
2017-08-02,8.07729434967041,8.086956024169922,8.019323348999023,8.038646697998047,953235
2017-08-03,8.048309326171875,8.048309326171875,8.0,8.019323348999023,913905
2017-08-04,8.019323348999023,8.299515724182129,8.019323348999023,8.212559700012207,9271530
2017-08-07,8.231884002685547,8.280193328857422,8.164251327514648,8.164251327514648,1577340
2017-08-08,8.164251327514648,8.212559700012207,8.115942001342773,8.144927024841309,1216125
2017-08-09,8.135265350341797,8.183573722839355,8.096617698669434,8.096617698669434,955305
2017-08-10,8.096617698669434,8.106280326843262,7.913043022155762,7.922705173492432,1933380
2017-08-11,7.951690196990967,8.009660720825195,7.932366847991943,7.9613518714904785,903555
2017-08-14,7.971014022827148,7.971014022827148,7.729467868804932,7.729467868804932,3504510
2017-08-15,7.777777194976807,7.855072021484375,7.729467868804932,7.777777194976807,1670490
2017-08-16,7.777777194976807,7.826086044311523,7.7487921714782715,7.806763172149658,1144710
2017-08-17,7.826086044311523,7.951690196990967,7.826086044311523,7.922705173492432,1446930
2017-08-18,7.903380870819092,8.164251327514648,7.845409870147705,8.067631721496582,2994255
2017-08-21,8.231884002685547,8.811594009399414,8.164251327514648,8.434782028198242,17870548
2017-08-22,8.444443702697754,8.454106330871582,8.309178352355957,8.318840026855469,3568483
2017-08-23,8.434782028198242,8.473428726196289,8.299515724182129,8.32850170135498,3722250
2017-08-24,8.357486724853516,8.454106330871582,8.338164329528809,8.434782028198242,2193855
2017-08-25,8.483091354370117,8.64734172821045,8.463768005371094,8.50241470336914,4291400
2017-08-28,8.69565200805664,8.705313682556152,8.531399726867676,8.560385704040527,3634434
2017-08-29,8.59903335571289,8.637681007385254,8.463768005371094,8.473428726196289,2933997
2017-08-30,8.512077331542969,8.531399726867676,8.454106330871582,8.531399726867676,2895796
2017-08-31,8.579710006713867,8.628019332885742,8.541062355041504,8.579710006713867,3598176
2017-09-01,8.64734172821045,8.763284683227539,8.637681007385254,8.69565200805664,6635925
2017-09-04,8.714975357055664,8.811594009399414,8.637681007385254,8.685990333557129,4787502
2017-09-05,8.734298706054688,8.811594009399414,8.705313682556152,8.77294635772705,3558279
2017-09-06,8.743961334228516,8.743961334228516,8.50241470336914,8.666666030883789,3148208
2017-09-07,8.743961334228516,9.468599319458008,8.724637031555176,9.091787338256836,24612396
2017-09-08,9.120772361755371,9.227052688598633,8.985507011413574,9.053139686584473,8481925
2017-09-11,9.178743362426758,9.855072021484375,9.004830360412598,9.53623104095459,24414269
2017-09-12,9.623188018798828,9.623188018798828,9.294685363769531,9.342994689941406,8539066
2017-09-13,9.371979713439941,9.594202041625977,9.323671340942383,9.38164234161377,7111709
2017-09-14,9.439613342285156,9.507246017456055,9.28502368927002,9.304347038269043,7703551
2017-09-15,9.399999618530273,9.680000305175781,9.359999656677246,9.609999656677246,11254755
2017-09-18,9.550000190734863,9.569999694824219,9.390000343322754,9.399999618530273,4715115
2017-09-19,9.420000076293945,9.460000038146973,9.25,9.260000228881836,3232177
2017-09-20,9.279999732971191,9.350000381469727,9.220000267028809,9.220000267028809,2828360
2017-09-21,9.25,9.399999618530273,9.25,9.300000190734863,2688452
2017-09-22,9.390000343322754,9.390000343322754,9.109999656677246,9.149999618530273,3375845
2017-09-25,9.15999984741211,9.180000305175781,8.869999885559082,8.9399995803833,3598450
2017-09-26,9.0,9.149999618530273,8.979999542236328,8.989999771118164,2784410
2017-09-27,9.100000381469727,9.149999618530273,9.029999732971191,9.050000190734863,1769409
2017-09-28,9.069999694824219,9.380000114440918,9.069999694824219,9.149999618530273,7314373
2017-09-29,9.109999656677246,9.15999984741211,9.010000228881836,9.0600004196167,2377543
2017-10-02,9.140000343322754,9.239999771118164,9.100000381469727,9.170000076293945,2029056
2017-10-03,9.300000190734863,9.800000190734863,9.279999732971191,9.5600004196167,15156567
2017-10-05,9.600000381469727,9.739999771118164,9.489999771118164,9.550000190734863,5923304
2017-10-06,9.579999923706055,9.600000381469727,9.399999618530273,9.430000305175781,3029815
2017-10-11,9.550000190734863,9.619999885559082,9.430000305175781,9.460000038146973,5874714
2017-10-12,9.470000267028809,9.470000267028809,9.34000015258789,9.359999656677246,2992852
2017-10-13,9.40999984741211,9.449999809265137,9.319999694824219,9.359999656677246,2003310
2017-10-16,9.359999656677246,9.399999618530273,9.25,9.300000190734863,2478520
2017-10-17,9.260000228881836,9.4399995803833,9.239999771118164,9.260000228881836,2912654
2017-10-18,9.390000343322754,9.420000076293945,9.289999961853027,9.34000015258789,2751585
2017-10-19,9.479999542236328,9.539999961853027,9.420000076293945,9.520000457763672,5471374
2017-10-20,9.520000457763672,9.600000381469727,9.380000114440918,9.380000114440918,3772933
2017-10-23,9.460000038146973,9.460000038146973,9.260000228881836,9.270000457763672,2562905
2017-10-24,9.239999771118164,9.319999694824219,9.220000267028809,9.239999771118164,2086080
2017-10-25,9.270000457763672,9.279999732971191,9.170000076293945,9.180000305175781,2349010
2017-10-26,9.170000076293945,9.25,9.130000114440918,9.170000076293945,1462590
2017-10-27,9.180000305175781,9.210000038146973,9.050000190734863,9.050000190734863,2159226
2017-10-30,9.050000190734863,9.140000343322754,8.890000343322754,8.9399995803833,3172823
2017-10-31,8.920000076293945,9.119999885559082,8.920000076293945,9.109999656677246,1459710
2017-11-01,9.109999656677246,9.279999732971191,9.069999694824219,9.15999984741211,1874058
2017-11-02,9.229999542236328,9.229999542236328,9.109999656677246,9.119999885559082,709851
2017-11-03,9.140000343322754,9.270000457763672,9.119999885559082,9.15999984741211,1974754
2017-11-06,9.15999984741211,9.350000381469727,9.15999984741211,9.199999809265137,3832764
2017-11-07,9.300000190734863,9.300000190734863,9.170000076293945,9.180000305175781,1499923
2017-11-08,9.149999618530273,9.279999732971191,9.149999618530273,9.220000267028809,2640596
2017-11-09,9.350000381469727,9.5600004196167,9.289999961853027,9.3100004196167,9967305
2017-11-10,9.430000305175781,9.539999961853027,9.3100004196167,9.520000457763672,8316417
2017-11-13,9.619999885559082,10.100000381469727,9.600000381469727,9.699999809265137,20528726
2017-11-14,9.880000114440918,9.890000343322754,9.479999542236328,9.5600004196167,6401429
2017-11-15,9.5600004196167,9.640000343322754,9.40999984741211,9.449999809265137,2914649
2017-11-16,9.5,9.609999656677246,9.460000038146973,9.5,2659930
2017-11-17,9.619999885559082,9.800000190734863,9.619999885559082,9.630000114440918,5956962
2017-11-20,9.800000190734863,10.0,9.760000228881836,9.84000015258789,11055169
2017-11-21,10.100000381469727,10.199999809265137,9.949999809265137,10.0,13325920
2017-11-22,10.100000381469727,10.199999809265137,9.829999923706055,9.960000038146973,7107839
2017-11-23,10.050000190734863,10.75,9.989999771118164,10.600000381469727,19446390
2017-11-24,10.75,11.0,10.5,10.5,12378356
2017-11-27,10.5,10.5,10.149999618530273,10.350000381469727,6938867
2017-11-28,10.5,10.899999618530273,10.399999618530273,10.899999618530273,11319786
2017-11-29,10.949999809265137,11.0,10.649999618530273,10.800000190734863,9475094
2017-11-30,10.75,10.949999809265137,10.449999809265137,10.449999809265137,9855894
2017-12-01,10.449999809265137,10.600000381469727,9.760000228881836,10.149999618530273,9312222
2017-12-04,10.25,10.699999809265137,10.25,10.600000381469727,6302543
2017-12-05,10.550000190734863,10.550000190734863,10.149999618530273,10.149999618530273,5624882
2017-12-06,10.149999618530273,10.399999618530273,10.0,10.199999809265137,6334587
2017-12-07,10.399999618530273,10.649999618530273,10.25,10.350000381469727,8627222
2017-12-08,10.350000381469727,10.449999809265137,10.050000190734863,10.25,4236183
2017-12-11,10.5,10.800000190734863,10.350000381469727,10.600000381469727,5753038
2017-12-12,10.5,10.550000190734863,10.300000190734863,10.300000190734863,2876138
2017-12-13,10.25,10.449999809265137,10.25,10.300000190734863,2086555
2017-12-14,10.300000190734863,10.449999809265137,10.25,10.25,3203859
2017-12-15,10.25,10.350000381469727,10.199999809265137,10.300000190734863,2038632
2017-12-18,10.399999618530273,10.550000190734863,10.300000190734863,10.550000190734863,6630235
2017-12-19,10.550000190734863,10.600000381469727,10.350000381469727,10.399999618530273,2186007
2017-12-20,10.399999618530273,10.699999809265137,10.399999618530273,10.600000381469727,9990925
2017-12-21,10.600000381469727,10.600000381469727,10.399999618530273,10.399999618530273,1993458
2017-12-22,10.5,10.550000190734863,10.350000381469727,10.350000381469727,1602688
2017-12-25,10.399999618530273,10.449999809265137,10.149999618530273,10.25,3335117
2017-12-26,10.25,10.25,9.869999885559082,9.869999885559082,6335724
2017-12-27,9.989999771118164,10.25,9.960000038146973,10.100000381469727,5319299
2017-12-28,10.149999618530273,10.350000381469727,10.149999618530273,10.300000190734863,3338348
2017-12-29,10.350000381469727,10.399999618530273,10.149999618530273,10.199999809265137,2628547
2018-01-02,10.25,10.550000190734863,10.149999618530273,10.399999618530273,8470020
2018-01-03,10.449999809265137,10.550000190734863,10.300000190734863,10.350000381469727,3369174
2018-01-04,10.449999809265137,10.449999809265137,10.25,10.350000381469727,2810795
2018-01-05,10.399999618530273,10.449999809265137,10.350000381469727,10.449999809265137,2066518
2018-01-08,10.5,10.649999618530273,10.449999809265137,10.449999809265137,4646911
2018-01-09,10.449999809265137,10.600000381469727,10.399999618530273,10.550000190734863,3325837
2018-01-10,10.600000381469727,10.899999618530273,10.5,10.649999618530273,13311544
2018-01-11,10.550000190734863,10.600000381469727,10.199999809265137,10.199999809265137,6978876
2018-01-12,10.199999809265137,10.300000190734863,10.149999618530273,10.25,3142034
2018-01-15,10.300000190734863,10.300000190734863,10.199999809265137,10.25,1641551
2018-01-16,10.300000190734863,10.300000190734863,9.989999771118164,10.050000190734863,4675063
2018-01-17,10.100000381469727,10.149999618530273,9.989999771118164,10.050000190734863,3731632
2018-01-18,10.149999618530273,10.25,10.100000381469727,10.100000381469727,1917426
2018-01-19,10.149999618530273,10.199999809265137,10.050000190734863,10.100000381469727,1363110
2018-01-22,10.100000381469727,10.100000381469727,9.9399995803833,10.050000190734863,3808620
2018-01-23,10.050000190734863,10.100000381469727,9.970000267028809,9.970000267028809,1991425
2018-01-24,9.970000267028809,10.050000190734863,9.970000267028809,10.050000190734863,1766213
2018-01-25,10.050000190734863,10.149999618530273,9.949999809265137,10.0,2137018
2018-01-26,10.0,10.050000190734863,9.949999809265137,9.989999771118164,1401160
2018-01-29,9.989999771118164,10.0,9.970000267028809,9.970000267028809,827950
2018-01-30,9.970000267028809,9.979999542236328,9.649999618530273,9.710000038146973,4189370
2018-01-31,9.6899995803833,9.6899995803833,9.489999771118164,9.510000228881836,2824900
2018-02-01,9.579999923706055,9.75,9.5600004196167,9.65999984741211,1492359
2018-02-02,9.670000076293945,9.8100004196167,9.65999984741211,9.65999984741211,1049022
2018-02-05,9.5,9.5,9.260000228881836,9.4399995803833,1848243
2018-02-06,9.210000038146973,9.229999542236328,8.5,8.569999694824219,6034481
2018-02-07,8.770000457763672,8.9399995803833,8.6899995803833,8.710000038146973,2805226
2018-02-08,8.760000228881836,8.84000015258789,8.75,8.789999961853027,1195579
2018-02-09,8.449999809265137,8.649999618530273,8.3100004196167,8.600000381469727,2449520
2018-02-12,8.699999809265137,8.699999809265137,8.4399995803833,8.479999542236328,3105900
2018-02-21,8.600000381469727,8.880000114440918,8.5600004196167,8.850000381469727,3847066
2018-02-22,8.880000114440918,8.880000114440918,8.770000457763672,8.859999656677246,1005111
2018-02-23,8.859999656677246,9.100000381469727,8.859999656677246,9.0,2135766
2018-02-26,9.050000190734863,9.140000343322754,9.010000228881836,9.010000228881836,1088506
2018-02-27,9.0600004196167,9.0600004196167,8.9399995803833,9.039999961853027,875324
2018-03-01,8.949999809265137,9.039999961853027,8.899999618530273,9.039999961853027,769590
2018-03-02,9.0,9.0,8.880000114440918,8.899999618530273,1119219
2018-03-05,8.949999809265137,8.949999809265137,8.789999961853027,8.8100004196167,825827
2018-03-06,8.859999656677246,9.050000190734863,8.8100004196167,8.8100004196167,1488141
2018-03-07,8.8100004196167,8.930000305175781,8.8100004196167,8.8100004196167,2480878
2018-03-08,8.850000381469727,8.90999984741211,8.850000381469727,8.90999984741211,1566392
2018-03-09,8.9399995803833,8.989999771118164,8.859999656677246,8.989999771118164,963392
2018-03-12,8.970000267028809,8.970000267028809,8.819999694824219,8.920000076293945,1144276
2018-03-13,8.880000114440918,9.010000228881836,8.859999656677246,8.869999885559082,1755029
2018-03-14,8.869999885559082,9.100000381469727,8.869999885559082,9.050000190734863,2892577
2018-03-15,9.050000190734863,9.050000190734863,8.960000038146973,9.020000457763672,627749
2018-03-16,9.0,9.0,8.890000343322754,8.890000343322754,1166134
2018-03-19,8.899999618530273,8.949999809265137,8.829999923706055,8.84000015258789,687706
2018-03-20,8.84000015258789,8.84000015258789,8.710000038146973,8.720000267028809,1875862
2018-03-21,8.739999771118164,8.800000190734863,8.720000267028809,8.720000267028809,814215
2018-03-22,8.739999771118164,8.800000190734863,8.710000038146973,8.710000038146973,837758
2018-03-23,8.5,8.579999923706055,8.449999809265137,8.5,1252383
2018-03-26,8.5,8.520000457763672,8.4399995803833,8.479999542236328,1105760
2018-03-27,8.529999732971191,8.600000381469727,8.489999771118164,8.5,1364402
2018-03-28,8.470000267028809,8.539999961853027,8.4399995803833,8.520000457763672,927775
2018-03-29,8.569999694824219,8.569999694824219,8.479999542236328,8.5,987701
2018-03-30,8.529999732971191,8.75,8.529999732971191,8.619999885559082,3077574
2018-04-02,8.59000015258789,8.640000343322754,8.569999694824219,8.569999694824219,1224538
2018-04-03,8.510000228881836,8.5600004196167,8.489999771118164,8.5600004196167,1150864
2018-04-09,8.5600004196167,8.619999885559082,8.550000190734863,8.600000381469727,1269808
2018-04-10,8.619999885559082,8.859999656677246,8.529999732971191,8.800000190734863,15884018
2018-04-11,8.75,8.779999732971191,8.699999809265137,8.710000038146973,3012036
2018-04-12,8.739999771118164,8.739999771118164,8.65999984741211,8.6899995803833,1532122
2018-04-13,8.720000267028809,8.739999771118164,8.670000076293945,8.720000267028809,1351586
2018-04-16,8.739999771118164,8.829999923706055,8.710000038146973,8.710000038146973,2236303
2018-04-17,8.720000267028809,8.770000457763672,8.649999618530273,8.649999618530273,1583023
2018-04-18,8.680000305175781,8.720000267028809,8.619999885559082,8.619999885559082,1031688
2018-04-19,8.630000114440918,8.670000076293945,8.59000015258789,8.619999885559082,1566321
2018-04-20,8.600000381469727,8.680000305175781,8.600000381469727,8.600000381469727,1260526
2018-04-23,8.600000381469727,8.600000381469727,8.529999732971191,8.529999732971191,1319407
2018-04-24,8.510000228881836,8.529999732971191,8.329999923706055,8.350000381469727,2164396
2018-04-25,8.300000190734863,8.300000190734863,8.199999809265137,8.260000228881836,1510739
2018-04-26,8.260000228881836,8.319999694824219,8.130000114440918,8.130000114440918,1268705
2018-04-27,8.180000305175781,8.210000038146973,8.09000015258789,8.109999656677246,1612980
2018-04-30,8.130000114440918,8.239999771118164,8.119999885559082,8.229999542236328,937791
2018-05-02,8.229999542236328,8.3100004196167,8.1899995803833,8.3100004196167,1001684
2018-05-03,8.289999961853027,8.319999694824219,8.170000076293945,8.170000076293945,1192294
2018-05-04,8.180000305175781,8.210000038146973,8.109999656677246,8.130000114440918,1403757
2018-05-07,8.170000076293945,8.180000305175781,8.119999885559082,8.119999885559082,1464352
2018-05-08,8.140000343322754,8.15999984741211,8.119999885559082,8.140000343322754,2158528
2018-05-09,8.149999618530273,8.170000076293945,8.09000015258789,8.100000381469727,1878980
2018-05-10,8.140000343322754,8.140000343322754,8.09000015258789,8.109999656677246,1459963
2018-05-11,8.180000305175781,8.1899995803833,8.149999618530273,8.15999984741211,3638619
2018-05-14,8.180000305175781,8.350000381469727,8.15999984741211,8.3100004196167,6105265
2018-05-15,8.289999961853027,8.289999961853027,8.15999984741211,8.15999984741211,1884088
2018-05-16,8.180000305175781,8.220000267028809,8.149999618530273,8.149999618530273,1496340
2018-05-17,8.210000038146973,8.279999732971191,8.170000076293945,8.25,2052547
2018-05-18,8.329999923706055,8.75,8.3100004196167,8.5600004196167,10040445
2018-05-21,8.5600004196167,9.050000190734863,8.520000457763672,9.039999961853027,13145432
2018-05-22,9.039999961853027,9.039999961853027,8.75,8.75,10092968
2018-05-23,8.760000228881836,8.970000267028809,8.75,8.800000190734863,5434055
2018-05-24,8.8100004196167,8.84000015258789,8.710000038146973,8.710000038146973,2864333
2018-05-25,8.710000038146973,8.760000228881836,8.600000381469727,8.600000381469727,2634606
2018-05-28,8.600000381469727,8.720000267028809,8.550000190734863,8.619999885559082,1721822
2018-05-29,8.630000114440918,8.739999771118164,8.630000114440918,8.670000076293945,2076034
2018-05-30,8.600000381469727,8.640000343322754,8.550000190734863,8.5600004196167,2352947
2018-05-31,8.579999923706055,8.84000015258789,8.579999923706055,8.729999542236328,4319131
2018-06-01,8.75,8.949999809265137,8.739999771118164,8.880000114440918,3911457
2018-06-04,8.9399995803833,9.0,8.880000114440918,8.90999984741211,2123449
2018-06-05,8.899999618530273,8.90999984741211,8.819999694824219,8.84000015258789,1179208
2018-06-06,8.850000381469727,9.010000228881836,8.850000381469727,8.9399995803833,3619589
2018-06-07,9.020000457763672,9.119999885559082,9.010000228881836,9.010000228881836,3953060
2018-06-08,9.029999732971191,9.079999923706055,8.899999618530273,8.9399995803833,1618506
2018-06-11,8.859999656677246,8.880000114440918,8.770000457763672,8.770000457763672,3052897
2018-06-12,8.90999984741211,8.90999984741211,8.770000457763672,8.770000457763672,2181649
2018-06-13,8.819999694824219,9.420000076293945,8.819999694824219,9.180000305175781,13949069
2018-06-14,9.050000190734863,9.079999923706055,8.899999618530273,8.90999984741211,3231832
2018-06-15,8.890000343322754,8.949999809265137,8.800000190734863,8.800000190734863,2577990
2018-06-19,8.779999732971191,8.84000015258789,8.609999656677246,8.619999885559082,2547005
2018-06-20,8.609999656677246,8.760000228881836,8.5,8.59000015258789,2319341
2018-06-21,8.649999618530273,8.649999618530273,8.609999656677246,8.609999656677246,875275
2018-06-22,8.59000015258789,8.600000381469727,8.460000038146973,8.460000038146973,2212886
2018-06-25,8.5,8.5600004196167,8.479999542236328,8.479999542236328,849746
2018-06-26,8.430000305175781,8.430000305175781,8.3100004196167,8.329999923706055,1796675
2018-06-27,8.380000114440918,8.40999984741211,8.3100004196167,8.3100004196167,1072714
2018-06-28,8.3100004196167,8.720000267028809,8.3100004196167,8.569999694824219,5862221
2018-06-29,8.569999694824219,8.649999618530273,8.510000228881836,8.520000457763672,1272295
2018-07-02,8.550000190734863,8.600000381469727,8.430000305175781,8.430000305175781,975101
2018-07-03,8.5,8.529999732971191,8.260000228881836,8.270000457763672,1821348
2018-07-04,8.260000228881836,8.350000381469727,8.229999542236328,8.260000228881836,942449
2018-07-05,8.260000228881836,8.260000228881836,8.15999984741211,8.15999984741211,1210400
2018-07-06,8.199999809265137,8.220000267028809,8.109999656677246,8.180000305175781,1227957
2018-07-09,8.270000457763672,8.430000305175781,8.239999771118164,8.369999885559082,1156391
2018-07-10,8.430000305175781,8.430000305175781,8.300000190734863,8.300000190734863,750130
2018-07-11,8.279999732971191,8.350000381469727,8.25,8.300000190734863,630408
2018-07-12,8.279999732971191,8.380000114440918,8.270000457763672,8.300000190734863,492797
2018-07-13,8.34000015258789,8.399999618530273,8.319999694824219,8.329999923706055,1373160
2018-07-16,8.34000015258789,8.369999885559082,8.319999694824219,8.329999923706055,596286
2018-07-17,8.329999923706055,8.329999923706055,8.260000228881836,8.260000228881836,951867
2018-07-18,8.289999961853027,8.34000015258789,8.270000457763672,8.300000190734863,747115
2018-07-19,8.369999885559082,8.369999885559082,8.270000457763672,8.270000457763672,541900
2018-07-20,8.279999732971191,8.329999923706055,8.220000267028809,8.270000457763672,790164
2018-07-23,8.3100004196167,8.449999809265137,8.260000228881836,8.289999961853027,1213193
2018-07-24,8.329999923706055,8.350000381469727,8.270000457763672,8.329999923706055,665477
2018-07-25,8.34000015258789,8.420000076293945,8.34000015258789,8.380000114440918,1318390
2018-07-26,8.390000343322754,8.4399995803833,8.380000114440918,8.430000305175781,1083357
2018-07-27,8.4399995803833,8.470000267028809,8.380000114440918,8.380000114440918,1253130
2018-07-30,8.399999618530273,8.449999809265137,8.369999885559082,8.4399995803833,1260916
2018-07-31,8.430000305175781,8.449999809265137,8.399999618530273,8.399999618530273,811077
2018-08-01,8.420000076293945,8.5600004196167,8.420000076293945,8.539999961853027,2136220
2018-08-02,8.539999961853027,8.5600004196167,8.399999618530273,8.399999618530273,1385513
2018-08-03,8.430000305175781,8.470000267028809,8.390000343322754,8.460000038146973,756856
2018-08-06,8.460000038146973,8.470000267028809,8.40999984741211,8.449999809265137,588516
2018-08-07,8.4399995803833,8.479999542236328,8.399999618530273,8.479999542236328,1005326
2018-08-08,8.460000038146973,8.479999542236328,8.399999618530273,8.4399995803833,981491
2018-08-09,8.470000267028809,8.470000267028809,8.40999984741211,8.420000076293945,739469
2018-08-10,8.430000305175781,8.460000038146973,8.399999618530273,8.399999618530273,584046
2018-08-13,8.34000015258789,8.34000015258789,8.010000228881836,8.119999885559082,2852499
2018-08-14,8.079999923706055,8.289999961853027,8.069999694824219,8.15999984741211,2656864
2018-08-15,8.15999984741211,8.199999809265137,8.119999885559082,8.149999618530273,782129
2018-08-16,8.109999656677246,8.15999984741211,8.050000190734863,8.100000381469727,1214878
2018-08-17,8.149999618530273,8.149999618530273,8.100000381469727,8.100000381469727,688824
2018-08-20,8.119999885559082,8.149999618530273,8.09000015258789,8.109999656677246,737528
2018-08-21,8.119999885559082,8.180000305175781,8.100000381469727,8.149999618530273,873326
2018-08-22,8.170000076293945,8.300000190734863,8.140000343322754,8.220000267028809,1454244
2018-08-23,8.239999771118164,8.270000457763672,8.199999809265137,8.229999542236328,744363
2018-08-24,8.260000228881836,8.260000228881836,8.15999984741211,8.1899995803833,611590
2018-08-27,8.220000267028809,8.25,8.1899995803833,8.220000267028809,489024
2018-08-28,8.239999771118164,8.239999771118164,8.1899995803833,8.229999542236328,731184
2018-08-29,8.229999542236328,8.3100004196167,8.229999542236328,8.260000228881836,1118129
2018-08-30,8.260000228881836,8.319999694824219,8.220000267028809,8.239999771118164,1151551
2018-08-31,8.199999809265137,8.25,8.1899995803833,8.199999809265137,857042
2018-09-03,8.239999771118164,8.239999771118164,8.170000076293945,8.1899995803833,783432
2018-09-04,8.1899995803833,8.199999809265137,8.170000076293945,8.180000305175781,631821
2018-09-05,8.180000305175781,8.220000267028809,8.15999984741211,8.15999984741211,753795
2018-09-06,8.149999618530273,8.149999618530273,8.109999656677246,8.140000343322754,1144033
2018-09-07,8.130000114440918,8.130000114440918,7.920000076293945,7.929999828338623,2250088
2018-09-10,7.940000057220459,7.980000019073486,7.460000038146973,7.480000019073486,4600679
2018-09-11,7.650000095367432,7.71999979019165,7.510000228881836,7.690000057220459,1520617
2018-09-12,7.690000057220459,7.690000057220459,7.539999961853027,7.570000171661377,1325052
2018-09-13,7.570000171661377,7.730000019073486,7.559999942779541,7.630000114440918,1706635
2018-09-14,7.659999847412109,7.710000038146973,7.639999866485596,7.690000057220459,971828
2018-09-17,7.690000057220459,7.690000057220459,7.559999942779541,7.610000133514404,967136
2018-09-18,7.599999904632568,7.650000095367432,7.559999942779541,7.579999923706055,641224
2018-09-19,7.599999904632568,7.980000019073486,7.599999904632568,7.730000019073486,2088446
2018-09-20,7.75,7.929999828338623,7.75,7.820000171661377,2796980
2018-09-21,7.829999923706055,8.050000190734863,7.760000228881836,7.980000019073486,2957651
2018-09-25,7.949999809265137,7.960000038146973,7.849999904632568,7.889999866485596,701872
2018-09-26,7.869999885559082,7.960000038146973,7.829999923706055,7.880000114440918,471843
2018-09-27,7.900000095367432,7.980000019073486,7.880000114440918,7.949999809265137,659819
2018-09-28,7.96999979019165,8.029999732971191,7.929999828338623,7.96999979019165,805640
2018-10-01,7.96999979019165,7.989999771118164,7.949999809265137,7.980000019073486,433126
2018-10-02,7.960000038146973,7.96999979019165,7.880000114440918,7.909999847412109,436980
2018-10-03,7.909999847412109,7.909999847412109,7.78000020980835,7.78000020980835,945569
2018-10-04,7.71999979019165,7.78000020980835,7.710000038146973,7.710000038146973,542940
2018-10-05,7.730000019073486,7.730000019073486,7.5,7.539999961853027,1360546
2018-10-08,7.53000020980835,7.599999904632568,7.5,7.519999980926514,873091
2018-10-09,7.599999904632568,7.610000133514404,7.539999961853027,7.559999942779541,865838
2018-10-11,7.440000057220459,7.440000057220459,6.869999885559082,6.920000076293945,3647003
2018-10-12,6.920000076293945,7.159999847412109,6.789999961853027,7.139999866485596,1771724
2018-10-15,7.039999961853027,7.199999809265137,7.039999961853027,7.070000171661377,1499643
2018-10-16,7.079999923706055,7.199999809265137,7.079999923706055,7.199999809265137,1089843
2018-10-17,7.289999961853027,7.289999961853027,7.099999904632568,7.110000133514404,1529520
2018-10-18,7.110000133514404,7.190000057220459,7.079999923706055,7.119999885559082,720826
2018-10-19,7.03000020980835,7.099999904632568,6.989999771118164,7.03000020980835,1100285
2018-10-22,7.059999942779541,7.25,7.03000020980835,7.25,1287910
2018-10-23,7.190000057220459,7.239999771118164,7.079999923706055,7.090000152587891,1937369
2018-10-24,7.070000171661377,7.090000152587891,6.929999828338623,7.03000020980835,2355462
2018-10-25,6.829999923706055,6.949999809265137,6.820000171661377,6.900000095367432,2351780
2018-10-26,6.630000114440918,6.710000038146973,6.480000019073486,6.510000228881836,2359151
2018-10-29,6.519999980926514,6.619999885559082,6.510000228881836,6.519999980926514,989376
2018-10-30,6.519999980926514,6.619999885559082,6.5,6.550000190734863,685626
2018-10-31,6.590000152587891,6.739999771118164,6.570000171661377,6.659999847412109,1060196
2018-11-01,6.659999847412109,6.699999809265137,6.610000133514404,6.670000076293945,799086
2018-11-02,6.710000038146973,6.75,6.670000076293945,6.739999771118164,1197813
2018-11-05,6.739999771118164,6.760000228881836,6.670000076293945,6.75,826283
2018-11-06,6.800000190734863,6.840000152587891,6.760000228881836,6.809999942779541,694773
2018-11-07,6.820000171661377,6.889999866485596,6.820000171661377,6.889999866485596,714609
2018-11-08,6.940000057220459,7.019999980926514,6.940000057220459,6.980000019073486,1388968
2018-11-09,6.980000019073486,6.980000019073486,6.829999923706055,6.849999904632568,1217213
2018-11-12,6.809999942779541,6.889999866485596,6.800000190734863,6.869999885559082,820584
2018-11-13,6.75,6.78000020980835,6.710000038146973,6.75,869915
2018-11-14,6.800000190734863,6.800000190734863,6.71999979019165,6.730000019073486,807619
2018-11-15,6.760000228881836,6.760000228881836,6.619999885559082,6.650000095367432,1559001
2018-11-16,6.650000095367432,6.789999961853027,6.650000095367432,6.789999961853027,1349358
2018-11-19,6.820000171661377,6.840000152587891,6.760000228881836,6.78000020980835,1327915
2018-11-20,6.730000019073486,6.730000019073486,6.630000114440918,6.659999847412109,1761373
2018-11-21,6.599999904632568,6.670000076293945,6.579999923706055,6.639999866485596,1270185
2018-11-22,6.650000095367432,6.670000076293945,6.599999904632568,6.610000133514404,1624235
2018-11-23,6.630000114440918,6.639999866485596,6.519999980926514,6.53000020980835,2798831
2018-11-26,6.559999942779541,6.630000114440918,6.53000020980835,6.53000020980835,2385087
2018-11-27,6.559999942779541,6.590000152587891,6.53000020980835,6.559999942779541,1646899
2018-11-28,6.590000152587891,6.739999771118164,6.570000171661377,6.739999771118164,3820291
2018-11-29,6.769999980926514,6.78000020980835,6.559999942779541,6.559999942779541,3700828
2018-11-30,6.599999904632568,6.739999771118164,6.360000133514404,6.360000133514404,19587813
2018-12-03,6.519999980926514,6.75,6.489999771118164,6.699999809265137,10208634
2018-12-04,6.769999980926514,6.960000038146973,6.699999809265137,6.809999942779541,6514975
2018-12-05,6.75,6.869999885559082,6.710000038146973,6.800000190734863,3263600
2018-12-06,6.829999923706055,6.829999923706055,6.619999885559082,6.659999847412109,2604796
2018-12-07,6.699999809265137,6.739999771118164,6.670000076293945,6.710000038146973,1709455
2018-12-10,6.639999866485596,6.679999828338623,6.610000133514404,6.610000133514404,1686218
2018-12-11,6.639999866485596,6.75,6.610000133514404,6.619999885559082,3404472
2018-12-12,6.650000095367432,6.71999979019165,6.619999885559082,6.710000038146973,2368673
2018-12-13,6.730000019073486,6.730000019073486,6.659999847412109,6.670000076293945,1816981
2018-12-14,6.690000057220459,6.820000171661377,6.670000076293945,6.699999809265137,2257554
2018-12-17,6.699999809265137,6.800000190734863,6.670000076293945,6.71999979019165,1299879
2018-12-18,6.679999828338623,6.679999828338623,6.510000228881836,6.570000171661377,2474626
2018-12-19,6.590000152587891,6.619999885559082,6.53000020980835,6.550000190734863,1417661
2018-12-20,6.550000190734863,6.550000190734863,6.409999847412109,6.429999828338623,2134325
2018-12-21,6.420000076293945,6.489999771118164,6.380000114440918,6.489999771118164,1876740
2018-12-24,6.5,6.550000190734863,6.5,6.510000228881836,616169
2018-12-25,6.440000057220459,6.489999771118164,6.400000095367432,6.449999809265137,1044554
2018-12-26,6.440000057220459,6.5,6.429999828338623,6.429999828338623,641345
2018-12-27,6.5,6.519999980926514,6.46999979019165,6.480000019073486,844675
2018-12-28,6.489999771118164,6.510000228881836,6.449999809265137,6.5,816983
2019-01-02,6.53000020980835,6.539999961853027,6.400000095367432,6.420000076293945,1232528
2019-01-03,6.449999809265137,6.46999979019165,6.380000114440918,6.400000095367432,959488
2019-01-04,6.360000133514404,6.400000095367432,6.21999979019165,6.309999942779541,2246932
2019-01-07,6.360000133514404,6.409999847412109,6.329999923706055,6.380000114440918,1291176
2019-01-08,6.389999866485596,6.400000095367432,6.360000133514404,6.360000133514404,543286
2019-01-09,6.420000076293945,6.559999942779541,6.409999847412109,6.460000038146973,1808080
2019-01-10,6.480000019073486,6.480000019073486,6.400000095367432,6.409999847412109,662173
2019-01-11,6.440000057220459,6.519999980926514,6.440000057220459,6.449999809265137,767304
2019-01-14,6.449999809265137,6.489999771118164,6.409999847412109,6.420000076293945,605487
2019-01-15,6.460000038146973,6.460000038146973,6.380000114440918,6.400000095367432,1039720
2019-01-16,6.409999847412109,6.420000076293945,6.360000133514404,6.369999885559082,1029710
2019-01-17,6.380000114440918,6.409999847412109,6.369999885559082,6.389999866485596,609322
2019-01-18,6.409999847412109,6.480000019073486,6.400000095367432,6.449999809265137,539038
2019-01-21,6.5,6.5,6.460000038146973,6.46999979019165,872231
2019-01-22,6.489999771118164,6.489999771118164,6.449999809265137,6.46999979019165,664186
2019-01-23,6.440000057220459,6.460000038146973,6.440000057220459,6.440000057220459,264870
2019-01-24,6.46999979019165,6.489999771118164,6.400000095367432,6.429999828338623,795626
2019-01-25,6.460000038146973,6.460000038146973,6.400000095367432,6.429999828338623,683249
2019-01-28,6.429999828338623,6.480000019073486,6.420000076293945,6.420000076293945,959996
2019-01-29,6.429999828338623,6.460000038146973,6.400000095367432,6.420000076293945,833028
2019-01-30,6.449999809265137,6.46999979019165,6.409999847412109,6.460000038146973,566521
2019-02-11,6.480000019073486,6.489999771118164,6.420000076293945,6.449999809265137,1199173
2019-02-12,6.449999809265137,6.46999979019165,6.440000057220459,6.460000038146973,718885
2019-02-13,6.480000019073486,6.539999961853027,6.46999979019165,6.539999961853027,1413842
2019-02-14,6.539999961853027,6.739999771118164,6.510000228881836,6.690000057220459,3722507
2019-02-15,6.699999809265137,6.800000190734863,6.699999809265137,6.71999979019165,2486495
2019-02-18,6.809999942779541,6.889999866485596,6.739999771118164,6.840000152587891,2788092
2019-02-19,6.860000133514404,6.900000095367432,6.820000171661377,6.829999923706055,1660887
2019-02-20,6.829999923706055,6.829999923706055,6.75,6.809999942779541,1861253
2019-02-21,6.809999942779541,6.829999923706055,6.760000228881836,6.800000190734863,1036907
2019-02-22,6.800000190734863,6.800000190734863,6.760000228881836,6.760000228881836,1219735
2019-02-25,6.78000020980835,6.809999942779541,6.75,6.789999961853027,1413857
2019-02-26,6.800000190734863,6.880000114440918,6.800000190734863,6.820000171661377,2004007
2019-02-27,6.820000171661377,6.949999809265137,6.820000171661377,6.889999866485596,2236038
2019-03-04,6.940000057220459,6.96999979019165,6.889999866485596,6.920000076293945,1891650
2019-03-05,6.900000095367432,6.920000076293945,6.880000114440918,6.889999866485596,1124690
2019-03-06,6.889999866485596,6.909999847412109,6.849999904632568,6.889999866485596,841373
2019-03-07,6.869999885559082,6.880000114440918,6.800000190734863,6.809999942779541,791890
2019-03-08,6.78000020980835,6.800000190734863,6.710000038146973,6.769999980926514,936390
2019-03-11,6.760000228881836,6.820000171661377,6.71999979019165,6.760000228881836,703266
2019-03-12,6.78000020980835,6.900000095367432,6.78000020980835,6.829999923706055,2878762
2019-03-13,6.849999904632568,6.949999809265137,6.849999904632568,6.860000133514404,1279825
2019-03-14,6.940000057220459,6.940000057220459,6.820000171661377,6.829999923706055,850315
2019-03-15,6.840000152587891,6.869999885559082,6.829999923706055,6.829999923706055,674017
2019-03-18,6.829999923706055,6.860000133514404,6.800000190734863,6.829999923706055,813290
2019-03-19,6.849999904632568,6.900000095367432,6.820000171661377,6.860000133514404,1038411
2019-03-20,6.889999866485596,6.889999866485596,6.829999923706055,6.849999904632568,701588
2019-03-21,6.849999904632568,6.849999904632568,6.809999942779541,6.829999923706055,898341
2019-03-22,6.849999904632568,6.849999904632568,6.789999961853027,6.789999961853027,947616
2019-03-25,6.71999979019165,6.730000019073486,6.659999847412109,6.690000057220459,1616009
2019-03-26,6.690000057220459,6.739999771118164,6.679999828338623,6.699999809265137,789265
2019-03-27,6.71999979019165,6.71999979019165,6.679999828338623,6.699999809265137,605852
2019-03-28,6.679999828338623,6.71999979019165,6.659999847412109,6.690000057220459,806878
2019-03-29,6.699999809265137,6.710000038146973,6.650000095367432,6.659999847412109,1498762
2019-04-01,6.679999828338623,6.71999979019165,6.659999847412109,6.679999828338623,1493507
2019-04-02,6.71999979019165,6.769999980926514,6.699999809265137,6.760000228881836,1660129
2019-04-03,6.760000228881836,6.789999961853027,6.710000038146973,6.730000019073486,946358
2019-04-08,6.78000020980835,6.800000190734863,6.730000019073486,6.730000019073486,1476609
2019-04-09,6.78000020980835,6.820000171661377,6.739999771118164,6.800000190734863,1579532
2019-04-10,6.800000190734863,6.809999942779541,6.760000228881836,6.789999961853027,857689
2019-04-11,6.820000171661377,6.820000171661377,6.769999980926514,6.78000020980835,1012925
2019-04-12,6.800000190734863,6.820000171661377,6.760000228881836,6.760000228881836,1320131
2019-04-15,6.769999980926514,6.949999809265137,6.769999980926514,6.900000095367432,3601734
2019-04-16,6.989999771118164,7.019999980926514,6.900000095367432,6.900000095367432,2816121
2019-04-17,6.960000038146973,6.980000019073486,6.909999847412109,6.909999847412109,1929863
2019-04-18,6.940000057220459,6.960000038146973,6.809999942779541,6.809999942779541,1682899
2019-04-19,6.869999885559082,6.900000095367432,6.829999923706055,6.889999866485596,904531
2019-04-22,6.889999866485596,6.96999979019165,6.889999866485596,6.929999828338623,1143700
2019-04-23,6.929999828338623,6.980000019073486,6.900000095367432,6.940000057220459,1293643
2019-04-24,6.960000038146973,7.239999771118164,6.949999809265137,7.170000076293945,6747043
2019-04-25,7.199999809265137,7.210000038146973,7.090000152587891,7.119999885559082,2934195
2019-04-26,7.099999904632568,7.099999904632568,7.0,7.0,2147967
2019-04-29,7.0,7.090000152587891,6.909999847412109,6.929999828338623,1467973
2019-04-30,6.920000076293945,6.940000057220459,6.889999866485596,6.940000057220459,800745
2019-05-02,6.949999809265137,6.989999771118164,6.940000057220459,6.940000057220459,964000
2019-05-03,6.949999809265137,6.989999771118164,6.940000057220459,6.949999809265137,831420
2019-05-06,6.920000076293945,6.920000076293945,6.789999961853027,6.800000190734863,2170651
2019-05-07,6.820000171661377,6.869999885559082,6.820000171661377,6.840000152587891,730029
2019-05-08,6.789999961853027,6.809999942779541,6.760000228881836,6.78000020980835,823639
2019-05-09,6.769999980926514,6.849999904632568,6.679999828338623,6.679999828338623,2010379
2019-05-10,6.670000076293945,6.730000019073486,6.659999847412109,6.679999828338623,1269621
2019-05-13,6.679999828338623,6.690000057220459,6.519999980926514,6.539999961853027,1458060
2019-05-14,6.550000190734863,6.730000019073486,6.5,6.710000038146973,1162937
2019-05-15,6.739999771118164,6.78000020980835,6.699999809265137,6.739999771118164,777210
2019-05-16,6.739999771118164,6.869999885559082,6.710000038146973,6.78000020980835,2810351
2019-05-17,6.809999942779541,6.849999904632568,6.760000228881836,6.769999980926514,1585623
2019-05-20,6.769999980926514,6.840000152587891,6.730000019073486,6.739999771118164,1092324
2019-05-21,6.75,6.849999904632568,6.75,6.800000190734863,1538641
2019-05-22,6.820000171661377,6.920000076293945,6.820000171661377,6.849999904632568,2372841
2019-05-23,6.829999923706055,6.929999828338623,6.820000171661377,6.869999885559082,1654063
2019-05-24,6.869999885559082,7.019999980926514,6.860000133514404,6.980000019073486,1831184
2019-05-27,7.050000190734863,7.050000190734863,6.980000019073486,7.010000228881836,2243007
2019-05-28,7.03000020980835,7.170000076293945,7.03000020980835,7.050000190734863,2846866
2019-05-29,7.050000190734863,7.239999771118164,7.010000228881836,7.050000190734863,3720206
2019-05-30,7.059999942779541,7.199999809265137,7.059999942779541,7.099999904632568,4040028
2019-05-31,7.269999980926514,7.420000076293945,7.199999809265137,7.300000190734863,8090515
2019-06-03,7.25,7.550000190734863,7.179999828338623,7.420000076293945,7124103
2019-06-04,7.510000228881836,7.639999866485596,7.460000038146973,7.510000228881836,7223468
2019-06-05,7.630000114440918,7.71999979019165,7.570000171661377,7.590000152587891,5685492
2019-06-06,7.630000114440918,7.699999809265137,7.349999904632568,7.360000133514404,6544392
2019-06-10,7.46999979019165,7.510000228881836,7.300000190734863,7.349999904632568,2787898
2019-06-11,7.300000190734863,7.400000095367432,7.289999961853027,7.329999923706055,2070550
2019-06-12,7.349999904632568,7.440000057220459,7.349999904632568,7.429999828338623,2355102
2019-06-13,7.449999809265137,7.449999809265137,7.349999904632568,7.369999885559082,1332027
2019-06-14,7.369999885559082,7.460000038146973,7.369999885559082,7.389999866485596,1742698
2019-06-17,7.449999809265137,7.579999923706055,7.409999847412109,7.550000190734863,2042106
2019-06-18,7.570000171661377,7.639999866485596,7.429999828338623,7.429999828338623,2598042
2019-06-19,7.440000057220459,7.510000228881836,7.300000190734863,7.369999885559082,2442938
2019-06-20,7.400000095367432,7.429999828338623,7.349999904632568,7.389999866485596,1488688
2019-06-21,7.400000095367432,7.429999828338623,7.309999942779541,7.349999904632568,2390276
2019-06-24,7.340000152587891,7.349999904632568,7.260000228881836,7.28000020980835,2058354
2019-06-25,7.28000020980835,7.300000190734863,7.150000095367432,7.199999809265137,3053655
2019-06-26,7.190000057220459,7.239999771118164,7.150000095367432,7.199999809265137,804943
2019-06-27,7.21999979019165,7.25,7.210000038146973,7.210000038146973,708828
2019-06-28,7.210000038146973,7.210000038146973,7.139999866485596,7.139999866485596,1537775
2019-07-01,7.170000076293945,7.190000057220459,7.099999904632568,7.110000133514404,1533512
2019-07-02,7.130000114440918,7.159999847412109,7.110000133514404,7.139999866485596,1316031
2019-07-03,7.130000114440918,7.150000095367432,7.099999904632568,7.130000114440918,1378230
2019-07-04,7.150000095367432,7.239999771118164,7.130000114440918,7.21999979019165,1793494
2019-07-05,7.21999979019165,7.21999979019165,7.150000095367432,7.179999828338623,1075206
2019-07-08,7.170000076293945,7.230000019073486,7.170000076293945,7.179999828338623,916903
2019-07-09,7.210000038146973,7.239999771118164,7.179999828338623,7.199999809265137,780761
2019-07-10,7.21999979019165,7.239999771118164,7.179999828338623,7.179999828338623,1064297
2019-07-11,7.179999828338623,7.230000019073486,7.159999847412109,7.190000057220459,1818138
2019-07-12,7.199999809265137,7.28000020980835,7.199999809265137,7.269999980926514,1475781
2019-07-15,7.269999980926514,7.309999942779541,7.25,7.289999961853027,1384924
2019-07-16,7.300000190734863,7.300000190734863,7.269999980926514,7.28000020980835,1002479
2019-07-17,7.289999961853027,7.349999904632568,7.260000228881836,7.260000228881836,1335266
2019-07-18,7.260000228881836,7.300000190734863,7.239999771118164,7.25,957126
2019-07-19,7.239999771118164,7.269999980926514,7.159999847412109,7.159999847412109,1552485
2019-07-22,7.199999809265137,7.199999809265137,7.110000133514404,7.119999885559082,1572275
2019-07-23,7.119999885559082,7.130000114440918,7.079999923706055,7.079999923706055,1603038
2019-07-24,7.079999923706055,7.099999904632568,7.039999961853027,7.050000190734863,1228102
2019-07-25,7.070000171661377,7.099999904632568,7.03000020980835,7.050000190734863,953245
2019-07-26,7.039999961853027,7.079999923706055,7.039999961853027,7.079999923706055,503429
2019-07-29,7.090000152587891,7.090000152587891,7.039999961853027,7.050000190734863,907356
2019-07-30,7.059999942779541,7.070000171661377,7.010000228881836,7.050000190734863,1064839
2019-07-31,7.050000190734863,7.059999942779541,7.010000228881836,7.03000020980835,585150
2019-08-01,7.019999980926514,7.059999942779541,7.010000228881836,7.019999980926514,585718
2019-08-02,7.0,7.0,6.829999923706055,6.849999904632568,2693073
2019-08-05,6.840000152587891,6.96999979019165,6.760000228881836,6.760000228881836,6003405
2019-08-06,6.619999885559082,6.71999979019165,6.559999942779541,6.71999979019165,1240457
2019-08-07,6.71999979019165,6.75,6.650000095367432,6.659999847412109,942353
2019-08-08,6.670000076293945,6.75,6.650000095367432,6.739999771118164,1655786
2019-08-12,6.739999771118164,6.829999923706055,6.71999979019165,6.78000020980835,1024340
2019-08-13,6.829999923706055,6.900000095367432,6.800000190734863,6.849999904632568,1176919
2019-08-14,6.889999866485596,6.929999828338623,6.840000152587891,6.840000152587891,1217476
2019-08-15,6.840000152587891,6.920000076293945,6.760000228881836,6.809999942779541,1774768
2019-08-16,6.880000114440918,6.989999771118164,6.869999885559082,6.96999979019165,1450598
2019-08-19,7.0,7.099999904632568,7.0,7.03000020980835,1815862
2019-08-20,7.039999961853027,7.070000171661377,6.989999771118164,7.0,1039635
2019-08-21,7.039999961853027,7.039999961853027,6.989999771118164,7.019999980926514,493511
2019-08-22,7.019999980926514,7.039999961853027,6.989999771118164,7.010000228881836,803493
2019-08-23,7.050000190734863,7.050000190734863,7.010000228881836,7.010000228881836,338129
2019-08-26,7.0,7.0,6.929999828338623,6.949999809265137,898076
2019-08-27,6.940000057220459,6.989999771118164,6.940000057220459,6.949999809265137,687341
2019-08-28,6.920000076293945,7.010000228881836,6.920000076293945,6.980000019073486,704723
2019-08-29,6.949999809265137,7.0,6.949999809265137,6.960000038146973,519289
2019-08-30,6.96999979019165,7.039999961853027,6.96999979019165,7.019999980926514,1231405
2019-09-02,7.019999980926514,7.179999828338623,7.0,7.070000171661377,1867584
2019-09-03,7.090000152587891,7.110000133514404,7.070000171661377,7.070000171661377,975494
2019-09-04,7.050000190734863,7.170000076293945,7.050000190734863,7.110000133514404,1361002
2019-09-05,7.150000095367432,7.239999771118164,7.130000114440918,7.130000114440918,1945702
2019-09-06,7.150000095367432,7.190000057220459,7.130000114440918,7.130000114440918,1287563
2019-09-10,7.059999942779541,7.130000114440918,7.059999942779541,7.090000152587891,1031838
2019-09-11,7.150000095367432,7.210000038146973,7.110000133514404,7.179999828338623,2632103
2019-09-12,7.21999979019165,7.28000020980835,7.159999847412109,7.159999847412109,1648928
2019-09-16,7.21999979019165,7.289999961853027,7.210000038146973,7.210000038146973,2219790
2019-09-17,7.210000038146973,7.230000019073486,7.159999847412109,7.170000076293945,807920
2019-09-18,7.170000076293945,7.260000228881836,7.139999866485596,7.190000057220459,1315585
2019-09-19,7.21999979019165,7.230000019073486,7.170000076293945,7.170000076293945,869918
2019-09-20,7.210000038146973,7.429999828338623,7.210000038146973,7.21999979019165,7110129
2019-09-23,7.239999771118164,7.289999961853027,7.210000038146973,7.230000019073486,1770281
2019-09-24,7.210000038146973,7.25,7.199999809265137,7.210000038146973,920674
2019-09-25,7.179999828338623,7.210000038146973,7.139999866485596,7.159999847412109,943985
2019-09-26,7.190000057220459,7.199999809265137,7.130000114440918,7.130000114440918,1067816
2019-09-27,7.130000114440918,7.139999866485596,7.059999942779541,7.059999942779541,1430761
2019-10-01,7.090000152587891,7.110000133514404,7.0,7.050000190734863,1452861
2019-10-02,7.03000020980835,7.039999961853027,7.0,7.010000228881836,832857
2019-10-03,6.960000038146973,7.0,6.949999809265137,7.0,633480
2019-10-04,7.0,7.059999942779541,6.960000038146973,6.980000019073486,890928
2019-10-07,7.0,7.050000190734863,6.949999809265137,6.96999979019165,617883
2019-10-08,6.96999979019165,7.010000228881836,6.96999979019165,6.980000019073486,607525
2019-10-09,6.980000019073486,7.019999980926514,6.980000019073486,7.010000228881836,683905
2019-10-14,7.050000190734863,7.25,7.050000190734863,7.190000057220459,3500938
2019-10-15,7.239999771118164,7.239999771118164,7.150000095367432,7.199999809265137,2540305
2019-10-16,7.230000019073486,7.369999885559082,7.210000038146973,7.320000171661377,5120806
2019-10-17,7.349999904632568,7.579999923706055,7.329999923706055,7.389999866485596,17837493
2019-10-18,7.360000133514404,7.449999809265137,7.28000020980835,7.28000020980835,4389115
2019-10-21,7.320000171661377,7.579999923706055,7.28000020980835,7.510000228881836,7052868
2019-10-22,7.489999771118164,7.5,7.409999847412109,7.46999979019165,2618639
2019-10-23,7.449999809265137,7.539999961853027,7.389999866485596,7.389999866485596,2497082
2019-10-24,7.400000095367432,7.429999828338623,7.360000133514404,7.400000095367432,2633459
2019-10-25,7.289999961853027,7.309999942779541,7.239999771118164,7.239999771118164,1946440
2019-10-28,7.28000020980835,7.28000020980835,7.159999847412109,7.159999847412109,2219481
2019-10-29,7.159999847412109,7.190000057220459,7.050000190734863,7.079999923706055,3315082
2019-10-30,7.090000152587891,7.139999866485596,7.03000020980835,7.090000152587891,1523815
2019-10-31,7.110000133514404,7.119999885559082,7.070000171661377,7.079999923706055,1119073
2019-11-01,7.119999885559082,7.119999885559082,7.050000190734863,7.079999923706055,746440
2019-11-04,7.099999904632568,7.199999809265137,7.090000152587891,7.159999847412109,1972072
2019-11-05,7.159999847412109,7.179999828338623,7.119999885559082,7.130000114440918,1182486
2019-11-06,7.119999885559082,7.190000057220459,7.119999885559082,7.119999885559082,1089811
2019-11-07,7.119999885559082,7.159999847412109,7.090000152587891,7.110000133514404,855174
2019-11-08,7.150000095367432,7.210000038146973,7.119999885559082,7.170000076293945,1971775
2019-11-11,7.110000133514404,7.110000133514404,6.949999809265137,6.949999809265137,3135439
2019-11-12,6.949999809265137,7.050000190734863,6.949999809265137,6.989999771118164,866237
2019-11-13,6.96999979019165,6.96999979019165,6.900000095367432,6.920000076293945,1839497
2019-11-14,6.900000095367432,6.960000038146973,6.900000095367432,6.920000076293945,1304716
2019-11-15,6.940000057220459,6.980000019073486,6.880000114440918,6.900000095367432,1453619
2019-11-18,6.900000095367432,6.900000095367432,6.769999980926514,6.769999980926514,2727710
2019-11-19,6.75,6.769999980926514,6.699999809265137,6.710000038146973,2341536
2019-11-20,6.710000038146973,6.739999771118164,6.699999809265137,6.71999979019165,1126069
2019-11-21,6.699999809265137,6.699999809265137,6.659999847412109,6.690000057220459,1568804
2019-11-22,6.699999809265137,6.739999771118164,6.690000057220459,6.710000038146973,741219
2019-11-25,6.730000019073486,6.75,6.710000038146973,6.730000019073486,944275
2019-11-26,6.75,6.789999961853027,6.75,6.75,1267870
2019-11-27,6.809999942779541,6.809999942779541,6.760000228881836,6.789999961853027,874225
2019-11-28,6.78000020980835,6.800000190734863,6.75,6.769999980926514,971556
2019-11-29,6.78000020980835,6.78000020980835,6.710000038146973,6.710000038146973,1319628
2019-12-02,6.760000228881836,6.849999904632568,6.75,6.760000228881836,1878161
2019-12-03,6.760000228881836,6.820000171661377,6.739999771118164,6.75,715953
2019-12-04,6.75,6.75,6.710000038146973,6.739999771118164,485147
2019-12-05,6.739999771118164,6.920000076293945,6.739999771118164,6.880000114440918,3937932
2019-12-06,6.96999979019165,7.429999828338623,6.920000076293945,7.320000171661377,24945429
2019-12-09,7.320000171661377,7.340000152587891,7.150000095367432,7.150000095367432,6171509
2019-12-10,7.170000076293945,7.289999961853027,7.170000076293945,7.25,3750003
2019-12-11,7.320000171661377,7.460000038146973,7.239999771118164,7.25,11241074
2019-12-12,7.25,7.300000190734863,7.179999828338623,7.179999828338623,3770084
2019-12-13,7.199999809265137,7.230000019073486,7.110000133514404,7.110000133514404,3196253
2019-12-16,7.119999885559082,7.179999828338623,7.090000152587891,7.110000133514404,5482
2019-12-17,7.150000095367432,7.210000038146973,7.130000114440918,7.159999847412109,1654413
2019-12-18,7.179999828338623,7.199999809265137,7.130000114440918,7.130000114440918,1712413
2019-12-19,7.130000114440918,7.159999847412109,7.059999942779541,7.059999942779541,2477474
2019-12-20,7.119999885559082,7.130000114440918,7.03000020980835,7.03000020980835,1812675
2019-12-23,7.059999942779541,7.070000171661377,7.019999980926514,7.019999980926514,1008024
2019-12-24,7.03000020980835,7.110000133514404,7.019999980926514,7.019999980926514,1372923
2019-12-25,7.059999942779541,7.139999866485596,7.039999961853027,7.090000152587891,1472681
2019-12-26,7.139999866485596,7.239999771118164,7.119999885559082,7.119999885559082,5752673
2019-12-27,7.119999885559082,7.179999828338623,7.079999923706055,7.079999923706055,2365840
2019-12-30,7.090000152587891,7.199999809265137,7.079999923706055,7.079999923706055,2448899
2019-12-31,7.099999904632568,7.230000019073486,7.070000171661377,7.130000114440918,3771737
2020-01-02,7.210000038146973,7.210000038146973,7.130000114440918,7.130000114440918,3114995
2020-01-03,7.179999828338623,7.179999828338623,7.079999923706055,7.090000152587891,1569871
2020-01-06,7.130000114440918,7.199999809265137,7.099999904632568,7.119999885559082,2293949
2020-01-07,7.150000095367432,7.159999847412109,7.070000171661377,7.070000171661377,1686126
2020-01-08,7.03000020980835,7.059999942779541,7.0,7.0,1686147
2020-01-09,7.019999980926514,7.050000190734863,7.0,7.03000020980835,1450969
2020-01-10,7.039999961853027,7.199999809265137,7.03000020980835,7.150000095367432,4347267
2020-01-13,7.159999847412109,7.230000019073486,7.130000114440918,7.159999847412109,4270980
2020-01-14,7.159999847412109,7.260000228881836,7.130000114440918,7.210000038146973,4318777
2020-01-15,7.269999980926514,7.329999923706055,7.21999979019165,7.28000020980835,4213925
2020-01-16,7.309999942779541,7.480000019073486,7.25,7.380000114440918,10860583
2020-01-17,7.429999828338623,7.429999828338623,7.300000190734863,7.320000171661377,2983377
2020-01-20,7.440000057220459,7.440000057220459,7.309999942779541,7.320000171661377,3423013
2020-01-30,7.550000190734863,8.050000190734863,7.400000095367432,8.050000190734863,35361079
2020-01-31,8.5,8.5,7.860000133514404,7.949999809265137,34171143
2020-02-03,8.199999809265137,8.319999694824219,7.960000038146973,7.960000038146973,19399035
2020-02-04,7.119999885559082,7.519999980926514,7.119999885559082,7.519999980926514,14972094
2020-02-05,7.53000020980835,7.71999979019165,7.519999980926514,7.519999980926514,6624467
2020-02-06,7.550000190734863,7.610000133514404,7.5,7.510000228881836,4843986
2020-02-07,7.53000020980835,8.199999809265137,7.53000020980835,7.880000114440918,26592341
2020-02-10,7.75,8.470000267028809,7.75,8.109999656677246,39292447
2020-02-11,8.0600004196167,8.220000267028809,7.900000095367432,7.900000095367432,13312112
2020-02-12,7.96999979019165,8.079999923706055,7.769999980926514,7.769999980926514,9167333
2020-02-13,7.820000171661377,7.829999923706055,7.619999885559082,7.670000076293945,8421593
2020-02-14,7.710000038146973,7.78000020980835,7.659999847412109,7.679999828338623,4529093
2020-02-17,7.840000152587891,8.029999732971191,7.75,7.75,12811741
2020-02-18,7.829999923706055,7.840000152587891,7.699999809265137,7.71999979019165,4869352
2020-02-19,7.659999847412109,7.75,7.659999847412109,7.690000057220459,3017187
2020-02-20,7.75,7.75,7.670000076293945,7.730000019073486,2914944
2020-02-21,7.800000190734863,8.34000015258789,7.769999980926514,7.909999847412109,36813758
2020-02-24,8.09000015258789,8.279999732971191,8.010000228881836,8.020000457763672,32153034
2020-02-25,8.100000381469727,8.149999618530273,7.800000190734863,7.809999942779541,12525602
2020-02-26,7.860000133514404,7.940000057220459,7.800000190734863,7.809999942779541,5660722
2020-02-27,7.840000152587891,7.940000057220459,7.710000038146973,7.730000019073486,6552642
2020-03-02,7.900000095367432,8.09000015258789,7.849999904632568,8.0,22114213
2020-03-03,8.260000228881836,8.329999923706055,8.109999656677246,8.109999656677246,30463188
2020-03-04,8.1899995803833,8.289999961853027,8.020000457763672,8.050000190734863,13279590
2020-03-05,8.180000305175781,8.180000305175781,8.020000457763672,8.050000190734863,5861663
2020-03-06,8.119999885559082,8.210000038146973,8.069999694824219,8.100000381469727,12433329
2020-03-09,8.180000305175781,8.260000228881836,7.760000228881836,7.800000190734863,25199473
2020-03-10,7.619999885559082,7.699999809265137,7.210000038146973,7.380000114440918,15970044
2020-03-11,7.420000076293945,7.449999809265137,7.159999847412109,7.170000076293945,9394790
2020-03-12,7.03000020980835,7.090000152587891,6.559999942779541,6.619999885559082,10452184
2020-03-13,6.059999942779541,6.21999979019165,5.960000038146973,6.099999904632568,11904419
2020-03-16,6.099999904632568,6.269999980926514,6.0,6.0,6822756
2020-03-17,5.619999885559082,5.840000152587891,5.570000171661377,5.769999980926514,7773154
2020-03-18,5.880000114440918,5.880000114440918,5.619999885559082,5.619999885559082,6704838
2020-03-19,5.480000019073486,5.550000190734863,5.079999923706055,5.150000095367432,11201738
2020-03-20,5.269999980926514,5.619999885559082,5.269999980926514,5.570000171661377,5379943
2020-03-23,5.300000190734863,5.559999942779541,5.260000228881836,5.519999980926514,2312384
2020-03-24,5.579999923706055,5.820000171661377,5.579999923706055,5.800000190734863,4864668
2020-03-25,5.889999866485596,6.079999923706055,5.889999866485596,6.010000228881836,5462847
2020-03-26,6.010000228881836,6.25,5.949999809265137,6.179999828338623,4976507
2020-03-27,6.260000228881836,6.329999923706055,6.050000190734863,6.050000190734863,4590013
2020-03-30,5.929999828338623,6.099999904632568,5.869999885559082,6.099999904632568,1821725
2020-03-31,6.099999904632568,6.150000095367432,6.050000190734863,6.099999904632568,2193535
2020-04-01,6.070000171661377,6.119999885559082,6.050000190734863,6.079999923706055,2042197
2020-04-06,6.079999923706055,6.239999771118164,6.070000171661377,6.190000057220459,3201005
2020-04-07,6.239999771118164,6.329999923706055,6.21999979019165,6.28000020980835,2436721
2020-04-08,6.28000020980835,6.360000133514404,6.210000038146973,6.329999923706055,4567271
2020-04-09,6.349999904632568,6.360000133514404,6.260000228881836,6.289999961853027,2909604
2020-04-10,6.650000095367432,6.909999847412109,6.610000133514404,6.78000020980835,13899936
2020-04-13,6.78000020980835,6.78000020980835,6.630000114440918,6.679999828338623,3539036
2020-04-14,6.690000057220459,6.840000152587891,6.690000057220459,6.809999942779541,4004725
2020-04-15,6.849999904632568,6.980000019073486,6.849999904632568,6.940000057220459,4383335
2020-04-16,6.949999809265137,7.179999828338623,6.860000133514404,7.119999885559082,6270898
2020-04-17,7.25,7.25,6.900000095367432,6.989999771118164,5403466
2020-04-20,6.880000114440918,7.150000095367432,6.880000114440918,7.070000171661377,3159158
2020-04-21,7.010000228881836,7.070000171661377,6.789999961853027,6.849999904632568,3585906
2020-04-22,6.75,6.889999866485596,6.739999771118164,6.840000152587891,1813118
2020-04-23,6.900000095367432,6.960000038146973,6.849999904632568,6.920000076293945,1175808
2020-04-24,6.920000076293945,7.070000171661377,6.900000095367432,7.010000228881836,2333988
2020-04-27,7.099999904632568,7.460000038146973,7.099999904632568,7.340000152587891,7920515
2020-04-28,7.440000057220459,7.46999979019165,7.300000190734863,7.309999942779541,4712811
2020-04-29,7.309999942779541,7.579999923706055,7.309999942779541,7.449999809265137,7707731
2020-04-30,7.519999980926514,7.550000190734863,7.360000133514404,7.409999847412109,4690367
2020-05-04,7.309999942779541,7.539999961853027,7.28000020980835,7.409999847412109,4089101
2020-05-05,7.409999847412109,7.440000057220459,7.329999923706055,7.349999904632568,3863633
2020-05-06,7.440000057220459,7.71999979019165,7.369999885559082,7.639999866485596,11526160
2020-05-07,7.829999923706055,7.880000114440918,7.679999828338623,7.699999809265137,16725400
2020-05-08,7.949999809265137,8.0,7.489999771118164,7.510000228881836,16633749
2020-05-11,7.480000019073486,7.5,7.329999923706055,7.349999904632568,6643175
2020-05-12,7.409999847412109,7.429999828338623,7.309999942779541,7.340000152587891,2726302
2020-05-13,7.340000152587891,7.340000152587891,7.239999771118164,7.309999942779541,2237083
2020-05-14,7.230000019073486,7.28000020980835,7.070000171661377,7.079999923706055,3473977
2020-05-15,7.130000114440918,7.199999809265137,7.010000228881836,7.079999923706055,1918039
2020-05-18,7.119999885559082,7.380000114440918,7.099999904632568,7.289999961853027,3867994
2020-05-19,7.380000114440918,7.420000076293945,7.300000190734863,7.329999923706055,2732497
2020-05-20,7.329999923706055,7.409999847412109,7.289999961853027,7.289999961853027,1606070
2020-05-21,7.300000190734863,7.420000076293945,7.300000190734863,7.349999904632568,2410274
2020-05-22,7.320000171661377,7.420000076293945,7.190000057220459,7.199999809265137,2395339
2020-05-25,7.230000019073486,7.28000020980835,7.099999904632568,7.21999979019165,1721629
2020-05-26,7.25,7.28000020980835,7.190000057220459,7.210000038146973,1997152
2020-05-27,7.239999771118164,7.480000019073486,7.21999979019165,7.349999904632568,10068681
2020-05-28,7.429999828338623,7.429999828338623,7.260000228881836,7.260000228881836,2571054
2020-05-29,7.25,7.460000038146973,7.25,7.400000095367432,3937623
2020-06-01,7.449999809265137,7.480000019073486,7.389999866485596,7.400000095367432,2137863
2020-06-02,7.400000095367432,7.400000095367432,7.309999942779541,7.320000171661377,2477851
2020-06-03,7.380000114440918,7.409999847412109,7.349999904632568,7.389999866485596,1720329
2020-06-04,7.429999828338623,7.46999979019165,7.260000228881836,7.329999923706055,2962658
2020-06-05,7.349999904632568,7.440000057220459,7.320000171661377,7.409999847412109,2896900
2020-06-08,7.460000038146973,7.489999771118164,7.400000095367432,7.449999809265137,2629790
2020-06-09,7.489999771118164,7.550000190734863,7.389999866485596,7.420000076293945,4698219
2020-06-10,7.420000076293945,7.440000057220459,7.380000114440918,7.400000095367432,2239138
2020-06-11,7.420000076293945,7.679999828338623,7.28000020980835,7.28000020980835,15060002
2020-06-12,7.099999904632568,7.170000076293945,7.070000171661377,7.119999885559082,4079077
2020-06-15,7.150000095367432,7.190000057220459,7.110000133514404,7.119999885559082,1851892
2020-06-16,7.199999809265137,7.230000019073486,7.159999847412109,7.199999809265137,1830005
2020-06-17,7.21999979019165,7.320000171661377,7.21999979019165,7.309999942779541,1848638
2020-06-18,7.340000152587891,7.460000038146973,7.329999923706055,7.400000095367432,3082515
2020-06-19,7.480000019073486,7.480000019073486,7.300000190734863,7.300000190734863,5005467
2020-06-22,7.340000152587891,7.440000057220459,7.329999923706055,7.380000114440918,3663889
2020-06-23,7.420000076293945,7.429999828338623,7.28000020980835,7.309999942779541,2175602
2020-06-24,7.340000152587891,7.340000152587891,7.28000020980835,7.300000190734863,1747455
2020-06-29,7.25,7.449999809265137,7.25,7.289999961853027,11461219
2020-06-30,7.320000171661377,7.349999904632568,7.25,7.300000190734863,2061880
2020-07-01,7.300000190734863,7.369999885559082,7.300000190734863,7.340000152587891,2158165
2020-07-02,7.389999866485596,7.53000020980835,7.369999885559082,7.480000019073486,5402048
2020-07-03,7.579999923706055,7.590000152587891,7.460000038146973,7.5,4912753
2020-07-06,7.570000171661377,7.949999809265137,7.570000171661377,7.75,16517424
2020-07-07,7.730000019073486,7.800000190734863,7.519999980926514,7.619999885559082,4771430
2020-07-08,7.639999866485596,7.829999923706055,7.639999866485596,7.760000228881836,5409310
2020-07-09,7.800000190734863,7.889999866485596,7.739999771118164,7.820000171661377,4943212
2020-07-10,7.849999904632568,7.880000114440918,7.639999866485596,7.760000228881836,5185214
2020-07-13,8.199999809265137,8.399999618530273,8.079999923706055,8.119999885559082,14150522
2020-07-14,8.109999656677246,8.449999809265137,8.079999923706055,8.260000228881836,20571447
2020-07-15,8.449999809265137,8.470000267028809,8.270000457763672,8.329999923706055,10429498
2020-07-16,8.390000343322754,9.050000190734863,8.359999656677246,9.050000190734863,31203154
2020-07-17,9.34000015258789,9.34000015258789,8.270000457763672,8.300000190734863,36679751
2020-07-20,8.210000038146973,8.289999961853027,8.020000457763672,8.039999961853027,10047194
2020-07-21,8.119999885559082,8.140000343322754,8.050000190734863,8.079999923706055,4964821
2020-07-22,8.109999656677246,8.239999771118164,8.079999923706055,8.100000381469727,3405504
2020-07-23,8.149999618530273,8.1899995803833,8.100000381469727,8.130000114440918,2529268
2020-07-24,8.130000114440918,8.130000114440918,7.860000133514404,7.920000076293945,5010307
2020-07-27,7.929999828338623,7.980000019073486,7.619999885559082,7.630000114440918,5455955
2020-07-28,7.630000114440918,7.75,7.429999828338623,7.449999809265137,3819100
2020-07-29,7.460000038146973,7.860000133514404,7.460000038146973,7.760000228881836,4214806
2020-07-30,7.78000020980835,7.929999828338623,7.75,7.860000133514404,2793326
2020-07-31,7.809999942779541,7.889999866485596,7.760000228881836,7.840000152587891,1832621
2020-08-03,7.860000133514404,7.889999866485596,7.800000190734863,7.809999942779541,2036423
2020-08-04,7.869999885559082,8.3100004196167,7.829999923706055,8.100000381469727,12578567
2020-08-05,8.119999885559082,8.15999984741211,8.039999961853027,8.119999885559082,3877994
2020-08-06,8.149999618530273,8.25,8.09000015258789,8.130000114440918,3654644
2020-08-07,8.15999984741211,8.350000381469727,8.149999618530273,8.289999961853027,6635763
2020-08-10,8.199999809265137,8.289999961853027,8.09000015258789,8.270000457763672,6055436
2020-08-11,8.270000457763672,8.270000457763672,8.100000381469727,8.109999656677246,3569026
2020-08-12,8.149999618530273,8.1899995803833,8.100000381469727,8.15999984741211,2446753
2020-08-13,8.239999771118164,8.25,8.130000114440918,8.149999618530273,2710977
2020-08-14,8.75,8.880000114440918,8.600000381469727,8.739999771118164,28898007
2020-08-17,9.010000228881836,9.289999961853027,9.0,9.149999618530273,25871414
2020-08-18,9.1899995803833,9.319999694824219,9.079999923706055,9.289999961853027,21057091
2020-08-19,9.600000381469727,10.199999809265137,9.569999694824219,10.199999809265137,76127666
2020-08-20,10.25,10.350000381469727,9.430000305175781,9.9399995803833,46677049
2020-08-21,10.199999809265137,10.25,9.8100004196167,9.850000381469727,23710784
2020-08-24,9.880000114440918,9.930000305175781,9.390000343322754,9.420000076293945,18988981
2020-08-25,9.5,9.75,9.5,9.569999694824219,14970288
2020-08-26,9.630000114440918,9.75,9.449999809265137,9.489999771118164,11855983
2020-08-27,9.529999732971191,9.529999732971191,9.40999984741211,9.449999809265137,6504028
2020-08-28,9.510000228881836,9.680000305175781,9.489999771118164,9.510000228881836,5665866
2020-08-31,9.59000015258789,9.789999961853027,9.529999732971191,9.75,11056782
2020-09-01,9.949999809265137,10.100000381469727,9.760000228881836,9.760000228881836,16328437
2020-09-02,9.760000228881836,10.300000190734863,9.75,10.199999809265137,30028298
2020-09-03,10.600000381469727,11.199999809265137,10.5,11.199999809265137,66705456
2020-09-04,11.0,11.25,10.600000381469727,11.199999809265137,38406891
2020-09-07,11.699999809265137,11.75,10.850000381469727,10.899999618530273,35667074
2020-09-08,10.949999809265137,11.199999809265137,10.649999618530273,11.149999618530273,16307371
2020-09-09,10.850000381469727,11.350000381469727,10.800000190734863,11.350000381469727,13176767
2020-09-10,11.350000381469727,11.5,10.899999618530273,11.100000381469727,14047980
2020-09-11,10.899999618530273,11.0,10.449999809265137,10.600000381469727,17618080
2020-09-14,10.75,10.899999618530273,10.699999809265137,10.699999809265137,6882820
2020-09-15,10.899999618530273,11.0,10.699999809265137,10.850000381469727,6283831
2020-09-16,11.0,11.0,10.649999618530273,10.75,6360469
2020-09-17,10.75,10.899999618530273,10.649999618530273,10.75,4366418
2020-09-18,10.850000381469727,11.100000381469727,10.800000190734863,10.899999618530273,10093303
2020-09-21,10.949999809265137,11.050000190734863,10.600000381469727,10.649999618530273,7353623
2020-09-22,10.600000381469727,10.75,10.199999809265137,10.600000381469727,9499319
2020-09-23,10.800000190734863,10.899999618530273,10.399999618530273,10.449999809265137,8473485
2020-09-24,10.25,10.350000381469727,10.0,10.0,12129192
2020-09-25,10.149999618530273,10.300000190734863,9.739999771118164,9.84000015258789,10654200
2020-09-28,10.050000190734863,10.300000190734863,9.949999809265137,10.25,5986010
2020-09-29,10.399999618530273,10.399999618530273,10.050000190734863,10.050000190734863,4033425
2020-09-30,10.0,10.100000381469727,9.949999809265137,9.979999542236328,6003219
2020-10-05,9.979999542236328,10.100000381469727,9.960000038146973,9.970000267028809,3186517
2020-10-06,10.0,10.199999809265137,10.0,10.050000190734863,6125854
2020-10-07,10.0,10.100000381469727,10.0,10.100000381469727,2949575
2020-10-08,10.199999809265137,10.199999809265137,10.050000190734863,10.100000381469727,2763141
2020-10-12,10.050000190734863,10.100000381469727,9.960000038146973,9.960000038146973,4422598
2020-10-13,9.970000267028809,10.100000381469727,9.869999885559082,10.050000190734863,3614154
2020-10-14,10.0,10.350000381469727,10.0,10.300000190734863,13472427
2020-10-15,10.199999809265137,10.25,10.0,10.0,5487056
2020-10-16,10.050000190734863,10.199999809265137,10.0,10.0,2533764
2020-10-19,10.050000190734863,10.100000381469727,10.0,10.100000381469727,2656310
2020-10-20,10.0,10.149999618530273,10.0,10.100000381469727,1807418
2020-10-21,10.100000381469727,10.350000381469727,10.100000381469727,10.300000190734863,6610142
2020-10-22,10.350000381469727,10.800000190734863,10.350000381469727,10.699999809265137,26161486
2020-10-23,10.600000381469727,10.800000190734863,10.550000190734863,10.550000190734863,6354635
2020-10-26,10.550000190734863,10.699999809265137,10.449999809265137,10.600000381469727,4816552
2020-10-27,10.399999618530273,10.800000190734863,10.399999618530273,10.75,5053905
2020-10-28,10.649999618530273,10.75,10.300000190734863,10.399999618530273,5796698
2020-10-29,10.199999809265137,10.600000381469727,10.100000381469727,10.5,5075212
2020-10-30,10.600000381469727,10.75,10.5,10.550000190734863,6976808
2020-11-02,10.649999618530273,10.949999809265137,10.550000190734863,10.800000190734863,10345810
2020-11-03,10.899999618530273,11.0,10.699999809265137,10.800000190734863,6701218
2020-11-04,10.850000381469727,10.850000381469727,10.649999618530273,10.649999618530273,3152191
2020-11-05,10.75,10.800000190734863,10.550000190734863,10.600000381469727,2976902
2020-11-06,10.550000190734863,10.699999809265137,10.550000190734863,10.600000381469727,2153005
2020-11-09,10.75,10.75,10.550000190734863,10.600000381469727,3145523
2020-11-10,10.699999809265137,10.699999809265137,10.399999618530273,10.449999809265137,3610177
2020-11-11,10.449999809265137,10.899999618530273,10.449999809265137,10.850000381469727,12048473
2020-11-12,10.850000381469727,10.899999618530273,10.449999809265137,10.5,6924748
2020-11-13,10.399999618530273,10.449999809265137,10.050000190734863,10.100000381469727,11976943
2020-11-16,10.100000381469727,10.149999618530273,9.880000114440918,9.970000267028809,10560411
2020-11-17,9.970000267028809,10.050000190734863,9.899999618530273,10.050000190734863,5291101
2020-11-18,10.050000190734863,10.050000190734863,9.880000114440918,9.920000076293945,5469322
2020-11-19,9.979999542236328,9.989999771118164,9.819999694824219,9.880000114440918,3582226
2020-11-20,9.869999885559082,9.949999809265137,9.869999885559082,9.899999618530273,3526050
2020-11-23,9.899999618530273,9.979999542236328,9.869999885559082,9.930000305175781,3306105
2020-11-24,9.970000267028809,9.979999542236328,9.869999885559082,9.880000114440918,4600726
2020-11-25,9.920000076293945,10.100000381469727,9.920000076293945,9.989999771118164,6194601
2020-11-26,10.0,10.300000190734863,9.970000267028809,10.199999809265137,15189228
2020-11-27,10.100000381469727,10.199999809265137,10.050000190734863,10.149999618530273,4107875
2020-11-30,10.149999618530273,10.300000190734863,10.100000381469727,10.149999618530273,5982393
2020-12-01,10.300000190734863,10.350000381469727,10.100000381469727,10.199999809265137,4048721
2020-12-02,10.25,10.25,10.100000381469727,10.149999618530273,3020278
2020-12-03,10.149999618530273,10.300000190734863,10.100000381469727,10.199999809265137,6858701
2020-12-04,10.25,10.449999809265137,10.199999809265137,10.300000190734863,9290750
2020-12-07,10.300000190734863,10.399999618530273,10.149999618530273,10.199999809265137,3794166
2020-12-08,10.199999809265137,10.350000381469727,10.050000190734863,10.100000381469727,11422174
2020-12-09,10.100000381469727,10.149999618530273,9.970000267028809,10.0,5036375
2020-12-10,9.989999771118164,10.050000190734863,9.859999656677246,9.880000114440918,4598162
2020-12-11,9.960000038146973,9.970000267028809,9.720000267028809,9.829999923706055,4028427
2020-12-14,9.829999923706055,9.970000267028809,9.760000228881836,9.869999885559082,2708821
2020-12-15,9.859999656677246,9.899999618530273,9.40999984741211,9.5,7839949
2020-12-16,9.550000190734863,9.949999809265137,9.550000190734863,9.930000305175781,5938764
2020-12-17,9.960000038146973,10.050000190734863,9.729999542236328,9.779999732971191,6069276
2020-12-18,9.779999732971191,9.850000381469727,9.720000267028809,9.75,2067962
2020-12-21,9.760000228881836,9.989999771118164,9.720000267028809,9.960000038146973,4400159
2020-12-22,9.970000267028809,10.449999809265137,9.84000015258789,10.0,16277875
2020-12-23,10.0,10.5,10.0,10.149999618530273,15610846
2020-12-24,10.199999809265137,10.5,10.199999809265137,10.350000381469727,11541230
2020-12-25,10.5,10.550000190734863,10.149999618530273,10.300000190734863,6125769
2020-12-28,10.350000381469727,10.449999809265137,10.25,10.300000190734863,5596637
2020-12-29,10.449999809265137,10.800000190734863,10.399999618530273,10.649999618530273,16058417
2020-12-30,10.949999809265137,10.949999809265137,10.5,10.600000381469727,11068860
2020-12-31,10.600000381469727,10.649999618530273,10.399999618530273,10.399999618530273,5828780
2021-01-04,10.600000381469727,10.649999618530273,10.399999618530273,10.449999809265137,7681892
2021-01-05,10.449999809265137,10.550000190734863,10.350000381469727,10.350000381469727,3458483
2021-01-06,10.449999809265137,10.449999809265137,10.0,10.100000381469727,6544413
2021-01-07,10.199999809265137,10.300000190734863,10.149999618530273,10.199999809265137,2609596
2021-01-08,10.300000190734863,10.300000190734863,9.989999771118164,10.100000381469727,4069924
2021-01-11,10.050000190734863,10.199999809265137,10.050000190734863,10.100000381469727,2618029
2021-01-12,10.149999618530273,10.199999809265137,9.949999809265137,10.050000190734863,6596746
2021-01-13,10.149999618530273,10.149999618530273,9.979999542236328,10.0,3735729
2021-01-14,10.0,10.0,9.899999618530273,9.90999984741211,3779609
2021-01-15,9.920000076293945,9.949999809265137,9.569999694824219,9.640000343322754,5694728
2021-01-18,9.680000305175781,9.6899995803833,9.399999618530273,9.59000015258789,2379336
2021-01-19,9.619999885559082,9.819999694824219,9.609999656677246,9.609999656677246,2970311
2021-01-20,9.630000114440918,9.649999618530273,9.100000381469727,9.1899995803833,8270379
2021-01-21,9.229999542236328,9.4399995803833,9.15999984741211,9.399999618530273,7088606
2021-01-22,9.479999542236328,9.489999771118164,9.170000076293945,9.239999771118164,3722433
2021-01-25,9.449999809265137,9.9399995803833,9.449999809265137,9.859999656677246,11232937
2021-01-26,9.920000076293945,10.050000190734863,9.760000228881836,9.770000457763672,5328551
2021-01-27,9.869999885559082,9.880000114440918,9.529999732971191,9.550000190734863,3070383
2021-01-28,9.449999809265137,9.479999542236328,9.270000457763672,9.279999732971191,3416684
2021-01-29,9.300000190734863,9.319999694824219,9.109999656677246,9.170000076293945,3419609
2021-02-01,9.239999771118164,9.239999771118164,8.960000038146973,9.079999923706055,2383068
2021-02-02,9.029999732971191,9.239999771118164,9.029999732971191,9.170000076293945,2460282
2021-02-03,9.220000267028809,9.470000267028809,9.0600004196167,9.399999618530273,6933375
2021-02-04,9.300000190734863,9.34000015258789,9.229999542236328,9.25,2409583
2021-02-05,9.25,9.279999732971191,9.140000343322754,9.15999984741211,3072874
2021-02-17,9.239999771118164,9.319999694824219,9.199999809265137,9.260000228881836,3008326
2021-02-18,9.279999732971191,9.449999809265137,9.270000457763672,9.380000114440918,3049351
2021-02-19,9.399999618530273,9.449999809265137,9.319999694824219,9.430000305175781,2379870
2021-02-22,9.4399995803833,9.569999694824219,9.4399995803833,9.539999961853027,3258628
2021-02-23,9.489999771118164,9.739999771118164,9.470000267028809,9.699999809265137,4556121
2021-02-24,9.720000267028809,9.739999771118164,9.460000038146973,9.460000038146973,3954652
2021-02-25,9.520000457763672,9.600000381469727,9.5,9.579999923706055,2185118
2021-02-26,9.460000038146973,9.550000190734863,9.420000076293945,9.4399995803833,2822397
2021-03-02,9.550000190734863,9.5600004196167,9.399999618530273,9.399999618530273,2261909
2021-03-03,9.420000076293945,9.4399995803833,9.279999732971191,9.300000190734863,6571475
2021-03-04,9.289999961853027,9.390000343322754,9.239999771118164,9.279999732971191,3398725
2021-03-05,9.289999961853027,9.34000015258789,9.270000457763672,9.270000457763672,2024242
2021-03-08,9.34000015258789,9.600000381469727,9.300000190734863,9.59000015258789,9760160
2021-03-09,9.630000114440918,9.630000114440918,9.430000305175781,9.520000457763672,4638449
2021-03-10,9.529999732971191,9.579999923706055,9.5,9.510000228881836,2713036
2021-03-11,9.529999732971191,9.630000114440918,9.5,9.510000228881836,3897182
2021-03-12,9.569999694824219,9.579999923706055,9.510000228881836,9.550000190734863,2189789
2021-03-15,9.600000381469727,9.65999984741211,9.5600004196167,9.609999656677246,4407332
2021-03-16,9.649999618530273,9.779999732971191,9.5600004196167,9.760000228881836,6036618
2021-03-17,9.760000228881836,9.760000228881836,9.5600004196167,9.59000015258789,3882323
2021-03-18,9.609999656677246,9.630000114440918,9.5600004196167,9.579999923706055,2274957
2021-03-19,9.550000190734863,9.550000190734863,9.449999809265137,9.479999542236328,3246655
2021-03-22,9.5,9.619999885559082,9.430000305175781,9.510000228881836,5651117
2021-03-23,9.550000190734863,9.550000190734863,9.390000343322754,9.449999809265137,4714601
2021-03-24,9.390000343322754,9.640000343322754,9.390000343322754,9.529999732971191,7430440
2021-03-25,9.5600004196167,9.609999656677246,9.5,9.529999732971191,2279056
2021-03-26,9.579999923706055,9.680000305175781,9.5600004196167,9.630000114440918,7100059
2021-03-29,9.710000038146973,9.800000190734863,9.6899995803833,9.710000038146973,7847512
2021-03-30,9.760000228881836,10.050000190734863,9.760000228881836,10.050000190734863,14092769
2021-03-31,10.100000381469727,10.149999618530273,9.869999885559082,9.880000114440918,12544424
2021-04-01,9.930000305175781,10.0,9.670000076293945,9.670000076293945,9187270
2021-04-07,9.699999809265137,9.850000381469727,9.649999618530273,9.8100004196167,4928602
2021-04-08,9.920000076293945,9.989999771118164,9.829999923706055,9.970000267028809,7604524
2021-04-09,10.100000381469727,10.100000381469727,9.850000381469727,9.970000267028809,6992107
2021-04-12,9.960000038146973,10.850000381469727,9.90999984741211,10.75,70081974
2021-04-13,10.649999618530273,10.649999618530273,10.199999809265137,10.300000190734863,21848924
2021-04-14,10.300000190734863,10.399999618530273,10.050000190734863,10.149999618530273,14688788
2021-04-15,10.25,10.699999809265137,10.199999809265137,10.600000381469727,18382244
2021-04-16,10.649999618530273,10.800000190734863,10.5,10.75,20385844
2021-04-19,10.850000381469727,11.399999618530273,10.800000190734863,11.350000381469727,39989653
2021-04-20,11.449999809265137,11.449999809265137,11.0,11.25,15170557
2021-04-21,11.149999618530273,11.600000381469727,11.100000381469727,11.300000190734863,21444433
2021-04-22,11.600000381469727,11.899999618530273,11.100000381469727,11.399999618530273,32238030
2021-04-23,11.550000190734863,11.75,11.199999809265137,11.199999809265137,12776818
2021-04-26,11.300000190734863,11.5,11.100000381469727,11.399999618530273,11396790
2021-04-27,11.550000190734863,11.800000190734863,11.449999809265137,11.550000190734863,15442637
2021-04-28,11.75,12.699999809265137,11.699999809265137,12.699999809265137,64151019
2021-04-29,13.050000190734863,13.300000190734863,12.050000190734863,12.100000381469727,57451726
2021-05-03,12.100000381469727,13.199999809265137,12.100000381469727,12.5,56642802
2021-05-04,12.449999809265137,12.800000190734863,11.25,11.300000190734863,40481267
2021-05-05,11.149999618530273,11.649999618530273,10.75,11.100000381469727,26990931
2021-05-06,11.199999809265137,11.550000190734863,10.800000190734863,11.199999809265137,15841471
2021-05-07,11.300000190734863,11.399999618530273,10.699999809265137,11.149999618530273,11677407
2021-05-10,11.149999618530273,11.449999809265137,11.050000190734863,11.25,12434805
2021-05-11,11.0,11.300000190734863,10.399999618530273,10.550000190734863,16220847
2021-05-12,10.300000190734863,11.550000190734863,10.050000190734863,10.25,51184469
2021-05-13,10.899999618530273,11.199999809265137,10.5,11.199999809265137,41548949
2021-05-14,11.850000381469727,11.949999809265137,11.0,11.100000381469727,54244694
2021-05-17,11.699999809265137,12.199999809265137,11.399999618530273,12.199999809265137,97736039
2021-05-18,12.050000190734863,12.050000190734863,11.199999809265137,11.649999618530273,66593940
2021-05-19,11.800000190734863,11.800000190734863,11.300000190734863,11.350000381469727,29923953
2021-05-20,11.399999618530273,11.699999809265137,10.850000381469727,10.949999809265137,28968196
2021-05-21,11.149999618530273,11.300000190734863,10.899999618530273,11.0,17888179
2021-05-24,11.100000381469727,11.399999618530273,11.100000381469727,11.149999618530273,19104459
2021-05-25,11.199999809265137,11.399999618530273,11.0,11.0,13934432
2021-05-26,11.100000381469727,11.300000190734863,11.0,11.25,8738011
2021-05-27,11.300000190734863,11.5,11.149999618530273,11.199999809265137,20961431
2021-05-28,11.25,11.350000381469727,11.100000381469727,11.199999809265137,10633055
2021-05-31,11.199999809265137,11.300000190734863,11.100000381469727,11.25,11124764
2021-06-01,11.300000190734863,11.600000381469727,11.25,11.550000190734863,20069231
2021-06-02,11.75,12.100000381469727,11.600000381469727,11.949999809265137,34962467
2021-06-03,12.149999618530273,12.5,12.050000190734863,12.199999809265137,33488939
2021-06-04,12.350000381469727,12.600000381469727,12.199999809265137,12.300000190734863,23705050
2021-06-07,12.800000190734863,13.5,12.399999618530273,13.5,97678593
2021-06-08,13.0,13.100000381469727,12.149999618530273,12.149999618530273,84951949
2021-06-09,12.149999618530273,12.350000381469727,11.699999809265137,11.800000190734863,48085442
2021-06-10,11.899999618530273,12.0,11.449999809265137,11.649999618530273,32076243
2021-06-11,11.699999809265137,11.850000381469727,11.5,11.550000190734863,12453359
2021-06-15,11.649999618530273,11.850000381469727,11.5,11.649999618530273,9593152
2021-06-16,11.649999618530273,11.850000381469727,11.600000381469727,11.600000381469727,8275887
2021-06-17,11.550000190734863,11.850000381469727,11.5,11.800000190734863,6870086
2021-06-18,11.800000190734863,12.0,11.699999809265137,11.699999809265137,9359850
2021-06-21,11.649999618530273,11.649999618530273,11.350000381469727,11.399999618530273,10521636
2021-06-22,11.550000190734863,12.100000381469727,11.5,11.899999618530273,20301165
2021-06-23,12.25,12.25,11.699999809265137,11.75,15497488
2021-06-24,11.800000190734863,11.949999809265137,11.699999809265137,11.850000381469727,6661867
2021-06-25,11.949999809265137,12.199999809265137,11.800000190734863,11.899999618530273,12923456
2021-06-28,12.100000381469727,12.399999618530273,12.050000190734863,12.300000190734863,18055693
2021-06-29,12.399999618530273,12.449999809265137,11.949999809265137,11.949999809265137,14166809
2021-06-30,12.050000190734863,12.300000190734863,11.949999809265137,12.25,11620271
2021-07-01,12.350000381469727,12.649999618530273,12.149999618530273,12.399999618530273,26785446
2021-07-02,12.5,13.100000381469727,12.149999618530273,12.199999809265137,45651926
2021-07-05,12.300000190734863,12.550000190734863,12.100000381469727,12.5,17490486
2021-07-06,12.649999618530273,12.75,12.5,12.649999618530273,17176856
2021-07-07,12.649999618530273,12.75,12.399999618530273,12.449999809265137,12353776
2021-07-08,12.449999809265137,12.949999809265137,12.399999618530273,12.699999809265137,21715398
2021-07-09,12.5,12.850000381469727,12.100000381469727,12.199999809265137,75204582
2021-07-12,12.199999809265137,12.25,11.899999618530273,11.899999618530273,14639722
2021-07-13,12.0,12.050000190734863,11.5,11.600000381469727,14692422
2021-07-14,11.600000381469727,11.75,11.399999618530273,11.699999809265137,6515537
2021-07-15,11.699999809265137,11.899999618530273,11.649999618530273,11.850000381469727,4482928
2021-07-16,11.850000381469727,11.949999809265137,11.800000190734863,11.850000381469727,3150008
2021-07-19,11.850000381469727,11.899999618530273,11.75,11.800000190734863,3577816
2021-07-20,11.800000190734863,11.800000190734863,11.300000190734863,11.300000190734863,21773577
2021-07-21,11.449999809265137,11.550000190734863,11.300000190734863,11.350000381469727,6502702
2021-07-22,11.399999618530273,11.550000190734863,11.199999809265137,11.25,5990345
2021-07-23,11.300000190734863,11.550000190734863,11.300000190734863,11.449999809265137,5733893
2021-07-26,11.550000190734863,11.649999618530273,11.399999618530273,11.449999809265137,4943777
2021-07-27,11.5,11.550000190734863,11.25,11.25,5025259
2021-07-28,11.25,11.350000381469727,10.949999809265137,11.199999809265137,7625902
2021-07-29,11.25,11.449999809265137,11.25,11.350000381469727,4849879
2021-07-30,11.350000381469727,11.399999618530273,11.25,11.25,2813632
2021-08-02,11.300000190734863,11.399999618530273,11.199999809265137,11.350000381469727,3345217
2021-08-03,11.350000381469727,11.449999809265137,11.300000190734863,11.350000381469727,2206987
2021-08-04,11.399999618530273,11.449999809265137,11.350000381469727,11.449999809265137,3688675
2021-08-05,11.449999809265137,11.449999809265137,11.199999809265137,11.300000190734863,7253558
2021-08-06,11.300000190734863,11.5,11.25,11.399999618530273,4717004
2021-08-09,11.399999618530273,11.449999809265137,11.300000190734863,11.399999618530273,3043256
2021-08-10,11.399999618530273,11.5,11.149999618530273,11.199999809265137,5040986
2021-08-11,11.199999809265137,11.25,11.0,11.100000381469727,4990202
2021-08-12,11.199999809265137,11.5,11.149999618530273,11.399999618530273,6602382
2021-08-13,11.449999809265137,11.5,11.300000190734863,11.350000381469727,6078855
2021-08-16,11.399999618530273,11.399999618530273,10.949999809265137,11.050000190734863,9398266
2021-08-17,11.050000190734863,11.050000190734863,11.050000190734863,11.050000190734863,0
2021-08-18,10.850000381469727,11.149999618530273,10.699999809265137,11.149999618530273,6740169
2021-08-19,11.050000190734863,11.199999809265137,10.850000381469727,10.899999618530273,3974550
2021-08-20,10.949999809265137,11.0,10.75,10.850000381469727,4269097
2021-08-23,10.899999618530273,11.149999618530273,10.899999618530273,11.100000381469727,2499035
2021-08-24,11.100000381469727,11.300000190734863,11.050000190734863,11.199999809265137,4392215
2021-08-25,11.300000190734863,11.350000381469727,11.199999809265137,11.25,4209899
2021-08-26,11.300000190734863,11.399999618530273,11.25,11.300000190734863,5985025
2021-08-27,11.300000190734863,11.399999618530273,11.25,11.350000381469727,9458240
2021-08-30,10.649999618530273,10.75,10.5,10.550000190734863,11417322
2021-08-31,10.600000381469727,10.649999618530273,10.5,10.550000190734863,2483223
2021-09-01,10.600000381469727,10.600000381469727,10.350000381469727,10.399999618530273,4620960
2021-09-02,10.399999618530273,10.399999618530273,10.199999809265137,10.199999809265137,4027597
2021-09-03,10.25,10.300000190734863,10.199999809265137,10.199999809265137,2458133
2021-09-06,10.199999809265137,10.25,10.050000190734863,10.050000190734863,3561612
2021-09-07,10.149999618530273,10.399999618530273,10.050000190734863,10.350000381469727,4355422
2021-09-08,10.300000190734863,10.399999618530273,9.949999809265137,10.050000190734863,5751016
2021-09-09,10.100000381469727,10.199999809265137,9.960000038146973,10.149999618530273,3258113
2021-09-10,10.100000381469727,10.199999809265137,10.050000190734863,10.149999618530273,2359024
2021-09-13,10.100000381469727,10.199999809265137,10.050000190734863,10.199999809265137,2121806
2021-09-14,10.199999809265137,10.949999809265137,10.149999618530273,10.699999809265137,22478311
2021-09-15,10.600000381469727,10.75,10.399999618530273,10.5,8585873
2021-09-16,10.600000381469727,10.699999809265137,10.399999618530273,10.5,5155500
2021-09-17,10.5,10.600000381469727,10.350000381469727,10.399999618530273,3423460
2021-09-22,10.25,10.25,10.050000190734863,10.100000381469727,4413764
2021-09-23,10.199999809265137,10.25,10.050000190734863,10.050000190734863,3396688
2021-09-24,10.149999618530273,10.300000190734863,10.100000381469727,10.149999618530273,3490118
2021-09-27,10.149999618530273,10.550000190734863,10.149999618530273,10.449999809265137,6383906
2021-09-28,10.5,10.5,10.350000381469727,10.449999809265137,2173156
2021-09-29,10.350000381469727,10.649999618530273,10.300000190734863,10.399999618530273,4845909
2021-09-30,10.449999809265137,10.800000190734863,10.449999809265137,10.649999618530273,9059982
2021-10-01,10.699999809265137,10.699999809265137,10.300000190734863,10.300000190734863,4585207
2021-10-04,10.399999618530273,10.449999809265137,10.050000190734863,10.100000381469727,3721328
2021-10-05,10.100000381469727,10.25,9.949999809265137,10.199999809265137,4408700
2021-10-06,10.25,10.449999809265137,10.199999809265137,10.25,3726971
2021-10-07,10.399999618530273,10.600000381469727,10.350000381469727,10.5,5614375
2021-10-08,10.550000190734863,10.600000381469727,10.449999809265137,10.449999809265137,2939343
2021-10-12,10.449999809265137,10.5,10.300000190734863,10.350000381469727,1862061
2021-10-13,10.449999809265137,10.449999809265137,10.25,10.300000190734863,2492070
2021-10-14,10.399999618530273,11.300000190734863,10.399999618530273,10.5,38063299
2021-10-15,10.600000381469727,10.649999618530273,10.399999618530273,10.399999618530273,6900021
2021-10-18,10.449999809265137,10.949999809265137,10.449999809265137,10.899999618530273,14437003
2021-10-19,11.149999618530273,11.149999618530273,10.75,10.949999809265137,9894813
2021-10-20,11.0,11.0,10.75,10.75,4105568
2021-10-21,10.800000190734863,11.100000381469727,10.699999809265137,11.100000381469727,8386546
2021-10-22,11.0,11.050000190734863,10.699999809265137,10.75,5431515
2021-10-25,10.800000190734863,10.850000381469727,10.649999618530273,10.75,2810053
2021-10-26,10.800000190734863,10.800000190734863,10.5,10.5,3826466
2021-10-27,10.550000190734863,10.550000190734863,10.399999618530273,10.449999809265137,3310673
2021-10-28,10.449999809265137,10.550000190734863,10.399999618530273,10.5,2814562
2021-10-29,10.5,10.550000190734863,10.350000381469727,10.399999618530273,2535739
2021-11-01,10.449999809265137,10.449999809265137,10.300000190734863,10.350000381469727,3334664
2021-11-02,10.399999618530273,10.449999809265137,10.199999809265137,10.300000190734863,4867936
2021-11-03,10.300000190734863,10.5,10.25,10.449999809265137,4302740
2021-11-04,10.5,10.600000381469727,10.399999618530273,10.449999809265137,3450944
2021-11-05,10.5,10.75,10.449999809265137,10.5,5670764
2021-11-08,10.600000381469727,10.699999809265137,10.5,10.550000190734863,2694365
2021-11-09,10.600000381469727,10.800000190734863,10.5,10.699999809265137,6196970
2021-11-10,10.850000381469727,11.100000381469727,10.75,10.850000381469727,9212482
2021-11-11,10.75,10.850000381469727,10.649999618530273,10.75,3069571
2021-11-12,10.850000381469727,10.949999809265137,10.699999809265137,10.800000190734863,3993619
2021-11-15,10.899999618530273,10.899999618530273,10.699999809265137,10.899999618530273,4085587
2021-11-16,10.899999618530273,11.0,10.800000190734863,10.850000381469727,4800663
2021-11-17,10.949999809265137,10.949999809265137,10.800000190734863,10.899999618530273,3491517
2021-11-18,10.899999618530273,11.300000190734863,10.899999618530273,11.25,14836830
2021-11-19,11.25,11.350000381469727,10.899999618530273,11.0,7636787
2021-11-22,11.050000190734863,11.25,11.0,11.199999809265137,3914727
2021-11-23,11.25,11.699999809265137,11.149999618530273,11.550000190734863,27500058
2021-11-24,11.699999809265137,11.75,11.350000381469727,11.5,9920066
2021-11-25,11.600000381469727,11.699999809265137,11.399999618530273,11.600000381469727,7585888
2021-11-26,11.399999618530273,11.449999809265137,10.949999809265137,11.0,15583209
2021-11-29,11.0,11.149999618530273,10.75,11.050000190734863,5706280
2021-11-30,11.149999618530273,11.300000190734863,11.100000381469727,11.199999809265137,3056884
2021-12-01,11.100000381469727,11.399999618530273,11.100000381469727,11.25,3041308
2021-12-02,11.25,11.649999618530273,11.25,11.600000381469727,11255444
2021-12-03,11.800000190734863,11.850000381469727,11.600000381469727,11.600000381469727,10922439
2021-12-06,11.649999618530273,11.649999618530273,11.350000381469727,11.350000381469727,4913603
2021-12-07,11.5,11.550000190734863,11.399999618530273,11.449999809265137,2456696
2021-12-08,11.600000381469727,11.649999618530273,11.300000190734863,11.300000190734863,3705441
2021-12-09,11.399999618530273,11.399999618530273,11.199999809265137,11.25,2876003
2021-12-10,11.25,11.25,11.050000190734863,11.100000381469727,3394481
2021-12-13,11.100000381469727,11.149999618530273,10.949999809265137,11.0,3966719
2021-12-14,11.0,11.0,10.800000190734863,10.850000381469727,2775113
2021-12-15,10.850000381469727,10.949999809265137,10.800000190734863,10.899999618530273,1960250
2021-12-16,11.0,11.050000190734863,10.800000190734863,10.850000381469727,2747481
2021-12-17,10.850000381469727,10.949999809265137,10.800000190734863,10.800000190734863,2769612
2021-12-20,10.800000190734863,10.800000190734863,10.600000381469727,10.75,3230230
2021-12-21,10.75,10.949999809265137,10.699999809265137,10.850000381469727,1971476
2021-12-22,10.899999618530273,11.0,10.800000190734863,10.850000381469727,1871937
2021-12-23,10.899999618530273,10.949999809265137,10.800000190734863,10.899999618530273,2022538
2021-12-24,10.899999618530273,10.899999618530273,10.850000381469727,10.850000381469727,1645851
2021-12-27,10.850000381469727,11.0,10.850000381469727,10.949999809265137,2349971
2021-12-28,10.949999809265137,11.100000381469727,10.949999809265137,10.949999809265137,2959990
2021-12-29,11.0,11.300000190734863,11.0,11.199999809265137,5340420
2021-12-30,11.25,11.300000190734863,11.149999618530273,11.149999618530273,2419815
2022-01-03,11.300000190734863,11.399999618530273,11.050000190734863,11.25,7083841
2022-01-04,11.399999618530273,11.5,11.350000381469727,11.449999809265137,6646729
2022-01-05,11.5,11.5,11.300000190734863,11.350000381469727,4271583
2022-01-06,11.300000190734863,11.5,11.300000190734863,11.350000381469727,5438422
2022-01-07,11.5,11.649999618530273,11.350000381469727,11.449999809265137,9121887
2022-01-10,11.550000190734863,11.75,11.399999618530273,11.399999618530273,7728773
2022-01-11,11.449999809265137,11.5,11.300000190734863,11.449999809265137,4663903
2022-01-12,11.600000381469727,11.699999809265137,11.449999809265137,11.699999809265137,11899206
2022-01-13,11.75,11.949999809265137,11.5,11.5,12238471
2022-01-14,11.550000190734863,11.550000190734863,11.199999809265137,11.25,5726011
2022-01-17,11.25,11.399999618530273,11.149999618530273,11.399999618530273,2749944
2022-01-18,11.399999618530273,11.5,11.25,11.25,2193737
2022-01-19,11.25,11.350000381469727,11.25,11.300000190734863,2144800
2022-01-20,11.350000381469727,11.600000381469727,11.300000190734863,11.449999809265137,3354546
2022-01-21,11.5,11.600000381469727,11.100000381469727,11.100000381469727,4633701
2022-01-24,11.100000381469727,11.100000381469727,10.75,10.899999618530273,3286495
2022-01-25,10.899999618530273,10.899999618530273,10.649999618530273,10.699999809265137,4587350
2022-01-26,10.699999809265137,10.800000190734863,10.649999618530273,10.649999618530273,2996740
2022-02-07,10.800000190734863,10.949999809265137,10.75,10.899999618530273,2314484
2022-02-08,11.0,11.050000190734863,10.899999618530273,11.050000190734863,2949360
2022-02-09,11.050000190734863,11.100000381469727,10.949999809265137,11.0,2629922
2022-02-10,11.050000190734863,11.149999618530273,11.0,11.100000381469727,2484018
2022-02-11,11.0,11.149999618530273,10.899999618530273,10.949999809265137,2605995
2022-02-14,10.850000381469727,10.850000381469727,10.699999809265137,10.699999809265137,2118001
2022-02-15,10.699999809265137,10.899999618530273,10.699999809265137,10.800000190734863,2585831
2022-02-16,10.899999618530273,10.949999809265137,10.800000190734863,10.899999618530273,1452470
2022-02-17,10.949999809265137,11.0,10.800000190734863,10.800000190734863,2056334
2022-02-18,10.75,10.949999809265137,10.75,10.949999809265137,1277671
2022-02-21,10.850000381469727,11.0,10.800000190734863,10.899999618530273,1869315
2022-02-22,10.899999618530273,10.899999618530273,10.649999618530273,10.75,3021041
2022-02-23,10.75,10.800000190734863,10.649999618530273,10.800000190734863,1782443
2022-02-24,10.699999809265137,10.699999809265137,10.5,10.550000190734863,3771067
2022-02-25,10.550000190734863,10.600000381469727,10.449999809265137,10.550000190734863,2811071
2022-03-01,10.550000190734863,10.699999809265137,10.550000190734863,10.699999809265137,1342000
2022-03-02,10.699999809265137,10.699999809265137,10.550000190734863,10.600000381469727,1491861
2022-03-03,10.699999809265137,10.75,10.600000381469727,10.649999618530273,1254177
2022-03-04,10.649999618530273,10.649999618530273,10.5,10.5,2499143
2022-03-07,10.399999618530273,10.399999618530273,10.100000381469727,10.100000381469727,4301881
2022-03-08,10.050000190734863,10.199999809265137,9.949999809265137,10.0,4867296
2022-03-09,10.050000190734863,10.149999618530273,9.989999771118164,10.100000381469727,2454384
2022-03-10,10.199999809265137,10.899999618530273,10.149999618530273,10.550000190734863,54894833
2022-03-11,10.399999618530273,10.550000190734863,10.25,10.350000381469727,5496007
2022-03-14,10.399999618530273,10.449999809265137,10.300000190734863,10.399999618530273,2158510
2022-03-15,10.449999809265137,10.449999809265137,10.199999809265137,10.25,1961363
2022-03-16,10.350000381469727,10.399999618530273,10.199999809265137,10.300000190734863,2699865
2022-03-17,10.399999618530273,10.449999809265137,10.25,10.300000190734863,5178809
2022-03-18,10.350000381469727,10.5,10.25,10.5,5127469
2022-03-21,10.550000190734863,10.600000381469727,10.399999618530273,10.5,1779675
2022-03-22,10.5,10.649999618530273,10.399999618530273,10.550000190734863,3611058
2022-03-23,10.600000381469727,10.649999618530273,10.550000190734863,10.550000190734863,1994965
2022-03-24,10.550000190734863,10.550000190734863,10.399999618530273,10.449999809265137,1802778
2022-03-25,10.5,10.550000190734863,10.399999618530273,10.399999618530273,1834918
2022-03-28,10.5,10.649999618530273,10.399999618530273,10.449999809265137,3712294
2022-03-29,10.5,10.649999618530273,10.449999809265137,10.5,3055618
2022-03-30,10.550000190734863,10.550000190734863,10.449999809265137,10.5,2023737
2022-03-31,10.550000190734863,10.550000190734863,10.399999618530273,10.449999809265137,1448896
2022-04-01,10.449999809265137,10.550000190734863,10.300000190734863,10.5,1712535
2022-04-06,10.5,10.699999809265137,10.449999809265137,10.699999809265137,4728216
2022-04-07,10.699999809265137,10.699999809265137,10.399999618530273,10.399999618530273,3334990
2022-04-08,10.5,10.550000190734863,10.449999809265137,10.5,1954309
2022-04-11,10.550000190734863,10.699999809265137,10.5,10.5,4566002
2022-04-12,10.550000190734863,10.600000381469727,10.399999618530273,10.5,1909529
2022-04-13,10.5,10.5,10.399999618530273,10.449999809265137,1338945
2022-04-14,10.5,10.550000190734863,10.399999618530273,10.449999809265137,1626235
2022-04-15,10.449999809265137,10.5,10.399999618530273,10.399999618530273,1204610
2022-04-18,10.449999809265137,10.5,10.25,10.350000381469727,2414488
2022-04-19,10.399999618530273,10.5,10.350000381469727,10.5,1883016
2022-04-20,10.5,10.600000381469727,10.449999809265137,10.5,2033373
2022-04-21,10.550000190734863,10.600000381469727,10.5,10.600000381469727,2284365
2022-04-22,10.550000190734863,10.800000190734863,10.550000190734863,10.699999809265137,6040651
2022-04-25,10.600000381469727,10.649999618530273,10.399999618530273,10.399999618530273,4435352
2022-04-26,10.5,10.550000190734863,10.399999618530273,10.449999809265137,2412279
2022-04-27,10.350000381469727,10.350000381469727,10.0,10.100000381469727,7168535
2022-04-28,10.100000381469727,10.199999809265137,10.100000381469727,10.149999618530273,1950023
2022-04-29,10.199999809265137,10.25,10.100000381469727,10.149999618530273,1347996
2022-05-03,10.100000381469727,10.149999618530273,10.050000190734863,10.100000381469727,1345002
2022-05-04,10.149999618530273,10.199999809265137,10.100000381469727,10.100000381469727,1280332
2022-05-05,10.199999809265137,10.199999809265137,10.100000381469727,10.149999618530273,835565
2022-05-06,10.100000381469727,10.100000381469727,9.979999542236328,10.050000190734863,2837972
2022-05-09,10.100000381469727,10.149999618530273,9.84000015258789,9.84000015258789,3714942
2022-05-10,9.779999732971191,9.850000381469727,9.600000381469727,9.850000381469727,1640983
2022-05-11,9.850000381469727,9.859999656677246,9.729999542236328,9.739999771118164,1285005
2022-05-12,9.789999961853027,9.789999961853027,9.3100004196167,9.319999694824219,5081340
2022-05-13,9.40999984741211,9.539999961853027,9.40999984741211,9.510000228881836,1832548
2022-05-16,9.569999694824219,9.850000381469727,9.5600004196167,9.739999771118164,2206002
2022-05-17,9.739999771118164,9.8100004196167,9.710000038146973,9.760000228881836,1149421
2022-05-18,9.760000228881836,9.84000015258789,9.75,9.800000190734863,1303641
2022-05-19,9.600000381469727,9.6899995803833,9.600000381469727,9.670000076293945,1041651
2022-05-20,9.699999809265137,9.770000457763672,9.680000305175781,9.760000228881836,935624
2022-05-23,9.75,9.800000190734863,9.699999809265137,9.75,894929
2022-05-24,9.789999961853027,9.789999961853027,9.619999885559082,9.619999885559082,1255405
2022-05-25,9.649999618530273,9.729999542236328,9.649999618530273,9.720000267028809,612161
2022-05-26,9.729999542236328,9.800000190734863,9.699999809265137,9.699999809265137,1051412
2022-05-27,9.720000267028809,9.8100004196167,9.720000267028809,9.760000228881836,1006284
2022-05-30,9.819999694824219,9.979999542236328,9.800000190734863,9.930000305175781,2041405
2022-05-31,9.930000305175781,9.960000038146973,9.84000015258789,9.930000305175781,1192825
2022-06-01,9.960000038146973,10.050000190734863,9.949999809265137,9.979999542236328,1853312
2022-06-02,10.0,10.0,9.920000076293945,9.949999809265137,695163
2022-06-06,9.979999542236328,10.0,9.90999984741211,9.979999542236328,1156041
2022-06-07,9.960000038146973,9.989999771118164,9.930000305175781,9.930000305175781,543085
2022-06-08,9.9399995803833,9.989999771118164,9.920000076293945,9.920000076293945,831784
2022-06-09,9.949999809265137,9.960000038146973,9.90999984741211,9.930000305175781,815690
2022-06-10,9.899999618530273,9.920000076293945,9.880000114440918,9.920000076293945,871686
2022-06-13,9.850000381469727,9.850000381469727,9.699999809265137,9.720000267028809,1497652
2022-06-14,9.720000267028809,9.720000267028809,9.550000190734863,9.649999618530273,1107239
2022-06-15,9.649999618530273,9.819999694824219,9.649999618530273,9.699999809265137,1096727
2022-06-16,9.789999961853027,9.84000015258789,9.600000381469727,9.609999656677246,979659
2022-06-17,9.600000381469727,9.600000381469727,9.489999771118164,9.520000457763672,1280795
2022-06-20,9.520000457763672,9.640000343322754,9.25,9.270000457763672,1927038
2022-06-21,9.390000343322754,9.489999771118164,9.3100004196167,9.489999771118164,835480
2022-06-22,9.479999542236328,9.479999542236328,9.210000038146973,9.220000267028809,1489475
2022-06-23,9.300000190734863,9.34000015258789,9.069999694824219,9.149999618530273,1870785
2022-06-24,9.15999984741211,9.329999923706055,9.15999984741211,9.170000076293945,2362128
2022-06-27,9.1899995803833,9.369999885559082,9.1899995803833,9.34000015258789,1424407
2022-06-28,9.369999885559082,9.380000114440918,9.270000457763672,9.270000457763672,603130
2022-06-29,9.220000267028809,9.300000190734863,9.170000076293945,9.270000457763672,1294803
2022-06-30,9.270000457763672,9.270000457763672,9.079999923706055,9.119999885559082,2164712
2022-07-01,9.100000381469727,9.100000381469727,8.779999732971191,8.859999656677246,3337376
2022-07-04,8.880000114440918,8.960000038146973,8.84000015258789,8.859999656677246,1152617
2022-07-05,9.029999732971191,9.130000114440918,8.989999771118164,9.109999656677246,1434670
2022-07-06,9.079999923706055,9.079999923706055,8.859999656677246,8.930000305175781,1795405
2022-07-07,9.039999961853027,9.039999961853027,8.800000190734863,8.960000038146973,1460005
2022-07-08,8.970000267028809,9.050000190734863,8.899999618530273,8.930000305175781,913168
2022-07-11,9.0,9.020000457763672,8.899999618530273,8.970000267028809,637877
2022-07-12,8.890000343322754,8.890000343322754,8.619999885559082,8.619999885559082,2195496
2022-07-13,8.729999542236328,8.819999694824219,8.729999542236328,8.819999694824219,1062318
2022-07-14,8.720000267028809,8.859999656677246,8.720000267028809,8.850000381469727,908054
2022-07-15,8.850000381469727,8.930000305175781,8.789999961853027,8.920000076293945,1242002
2022-07-18,8.970000267028809,9.069999694824219,8.970000267028809,9.069999694824219,1054006
2022-07-19,9.079999923706055,9.220000267028809,9.020000457763672,9.199999809265137,1252800
2022-07-20,9.260000228881836,9.319999694824219,9.149999618530273,9.199999809265137,1395832
2022-07-21,9.199999809265137,9.279999732971191,9.15999984741211,9.279999732971191,774316
2022-07-22,9.260000228881836,9.369999885559082,9.239999771118164,9.300000190734863,1277467
2022-07-25,9.300000190734863,9.399999618530273,9.300000190734863,9.380000114440918,950014
2022-07-26,9.359999656677246,9.420000076293945,9.3100004196167,9.3100004196167,601174
2022-07-27,9.34000015258789,9.34000015258789,9.25,9.300000190734863,609542
2022-07-28,9.359999656677246,9.359999656677246,9.270000457763672,9.279999732971191,592755
2022-07-29,9.300000190734863,9.359999656677246,9.289999961853027,9.34000015258789,869600
2022-08-01,9.369999885559082,9.470000267028809,9.34000015258789,9.430000305175781,1360579
2022-08-02,9.420000076293945,9.420000076293945,9.300000190734863,9.3100004196167,1714040
2022-08-03,9.289999961853027,9.350000381469727,9.25,9.319999694824219,1681318
2022-08-04,8.899999618530273,8.9399995803833,8.789999961853027,8.880000114440918,1617012
2022-08-05,8.920000076293945,8.949999809265137,8.890000343322754,8.899999618530273,1017203
2022-08-08,8.899999618530273,8.899999618530273,8.819999694824219,8.859999656677246,508445
2022-08-09,8.859999656677246,8.949999809265137,8.850000381469727,8.9399995803833,536587
2022-08-10,9.029999732971191,9.449999809265137,9.020000457763672,9.380000114440918,3908207
2022-08-11,9.420000076293945,9.430000305175781,9.300000190734863,9.329999923706055,2513815
2022-08-12,9.390000343322754,9.399999618530273,9.329999923706055,9.380000114440918,1038014
2022-08-15,9.399999618530273,9.399999618530273,9.239999771118164,9.289999961853027,1963990
2022-08-16,9.289999961853027,9.289999961853027,9.270000457763672,9.270000457763672,593039
2022-08-17,9.270000457763672,9.34000015258789,9.270000457763672,9.300000190734863,949806
2022-08-18,9.3100004196167,9.319999694824219,9.289999961853027,9.300000190734863,527512
2022-08-19,9.350000381469727,9.350000381469727,9.300000190734863,9.329999923706055,637645
2022-08-22,9.25,9.319999694824219,9.25,9.300000190734863,367000
2022-08-23,9.270000457763672,9.289999961853027,9.229999542236328,9.270000457763672,692368
2022-08-24,9.289999961853027,9.75,9.289999961853027,9.479999542236328,4555478
2022-08-25,9.699999809265137,9.699999809265137,9.449999809265137,9.479999542236328,1685881
2022-08-26,9.5600004196167,9.5600004196167,9.479999542236328,9.479999542236328,762139
2022-08-29,9.369999885559082,9.369999885559082,9.239999771118164,9.289999961853027,923428
2022-08-30,9.350000381469727,9.350000381469727,9.289999961853027,9.319999694824219,745624
2022-08-31,9.3100004196167,9.399999618530273,9.289999961853027,9.359999656677246,695140
2022-09-01,9.369999885559082,9.369999885559082,9.289999961853027,9.329999923706055,975120
2022-09-02,9.329999923706055,9.380000114440918,9.289999961853027,9.300000190734863,575501
2022-09-05,9.350000381469727,9.350000381469727,9.220000267028809,9.289999961853027,816111
2022-09-06,9.350000381469727,9.350000381469727,9.149999618530273,9.170000076293945,1037040
2022-09-07,9.130000114440918,9.140000343322754,9.029999732971191,9.0600004196167,878510
2022-09-08,9.079999923706055,9.34000015258789,9.079999923706055,9.289999961853027,1350428
2022-09-12,9.319999694824219,9.529999732971191,9.319999694824219,9.460000038146973,2514221
2022-09-13,9.479999542236328,9.5600004196167,9.420000076293945,9.430000305175781,744668
2022-09-14,8.989999771118164,9.279999732971191,8.989999771118164,9.25,1156472
2022-09-15,9.229999542236328,9.300000190734863,9.229999542236328,9.260000228881836,638305
2022-09-16,9.25,9.260000228881836,9.15999984741211,9.15999984741211,964066
2022-09-19,9.170000076293945,9.170000076293945,9.029999732971191,9.0600004196167,1121365
2022-09-20,9.119999885559082,9.15999984741211,9.09000015258789,9.140000343322754,533305
2022-09-21,9.170000076293945,9.170000076293945,9.0600004196167,9.079999923706055,687001
2022-09-22,9.079999923706055,9.109999656677246,9.0,9.100000381469727,689199
2022-09-23,9.069999694824219,9.130000114440918,9.039999961853027,9.050000190734863,497680
2022-09-26,9.0,9.0,8.65999984741211,8.710000038146973,2857063
2022-09-27,8.739999771118164,8.770000457763672,8.619999885559082,8.739999771118164,915724
2022-09-28,8.789999961853027,8.930000305175781,8.460000038146973,8.489999771118164,1869551
2022-09-29,8.75,9.100000381469727,8.550000190734863,8.789999961853027,2528038
2022-09-30,8.6899995803833,8.880000114440918,8.619999885559082,8.829999923706055,1238000
2022-10-03,8.800000190734863,8.869999885559082,8.65999984741211,8.729999542236328,1730003
2022-10-04,8.729999542236328,9.260000228881836,8.729999542236328,9.180000305175781,43595457
2022-10-05,9.180000305175781,9.180000305175781,9.039999961853027,9.079999923706055,5304304
2022-10-06,9.079999923706055,9.079999923706055,8.979999542236328,9.010000228881836,1687233
2022-10-07,8.970000267028809,9.079999923706055,8.920000076293945,8.949999809265137,1473400
2022-10-11,8.859999656677246,8.859999656677246,8.670000076293945,8.760000228881836,3208002
2022-10-12,8.760000228881836,8.760000228881836,8.640000343322754,8.720000267028809,1521902
2022-10-13,8.75,8.75,8.399999618530273,8.40999984741211,2717025
2022-10-14,8.529999732971191,8.619999885559082,8.489999771118164,8.5,1821252
2022-10-17,8.449999809265137,8.449999809265137,8.210000038146973,8.239999771118164,2934654
2022-10-18,8.3100004196167,8.369999885559082,8.25,8.329999923706055,1479283
2022-10-19,8.369999885559082,8.369999885559082,8.260000228881836,8.270000457763672,1616015
2022-10-20,8.239999771118164,8.239999771118164,7.900000095367432,7.949999809265137,8807084
2022-10-21,7.949999809265137,7.989999771118164,7.860000133514404,7.949999809265137,1710196
2022-10-24,8.029999732971191,8.109999656677246,8.0,8.0,1740703
2022-10-25,8.079999923706055,8.109999656677246,7.949999809265137,8.020000457763672,1033594
2022-10-26,8.050000190734863,8.069999694824219,7.960000038146973,7.96999979019165,1623000
2022-10-27,8.0,8.079999923706055,7.980000019073486,8.079999923706055,1419592
2022-10-28,8.079999923706055,8.109999656677246,7.96999979019165,7.980000019073486,1481737
2022-10-31,8.010000228881836,8.0600004196167,7.989999771118164,8.029999732971191,508543
2022-11-01,8.039999961853027,8.130000114440918,8.029999732971191,8.109999656677246,1166501
2022-11-02,8.109999656677246,8.199999809265137,8.09000015258789,8.15999984741211,918346
2022-11-03,8.09000015258789,8.109999656677246,8.050000190734863,8.09000015258789,743473
2022-11-04,8.0600004196167,8.15999984741211,8.0600004196167,8.15999984741211,745525
2022-11-07,8.210000038146973,8.319999694824219,8.210000038146973,8.289999961853027,1431426
2022-11-08,8.399999618530273,8.399999618530273,8.279999732971191,8.279999732971191,1104519
2022-11-09,8.289999961853027,8.329999923706055,8.260000228881836,8.270000457763672,1161759
2022-11-10,8.229999542236328,8.289999961853027,8.220000267028809,8.260000228881836,680462
2022-11-11,8.369999885559082,8.399999618530273,8.279999732971191,8.279999732971191,964207
2022-11-14,8.300000190734863,8.449999809265137,8.300000190734863,8.40999984741211,1845212
2022-11-15,8.40999984741211,8.40999984741211,8.319999694824219,8.369999885559082,1225028
2022-11-16,8.399999618530273,8.399999618530273,8.229999542236328,8.229999542236328,1798855
2022-11-17,8.220000267028809,8.289999961853027,8.220000267028809,8.279999732971191,581626
2022-11-18,8.289999961853027,8.369999885559082,8.270000457763672,8.270000457763672,969116
2022-11-21,8.270000457763672,8.34000015258789,8.260000228881836,8.279999732971191,641903
2022-11-22,8.289999961853027,8.3100004196167,8.270000457763672,8.3100004196167,394950
2022-11-23,8.329999923706055,8.420000076293945,8.329999923706055,8.359999656677246,1491700
2022-11-24,8.359999656677246,8.4399995803833,8.359999656677246,8.420000076293945,1013107
2022-11-25,8.4399995803833,8.5600004196167,8.430000305175781,8.460000038146973,1472850
2022-11-28,8.449999809265137,8.449999809265137,8.359999656677246,8.40999984741211,921639
2022-11-29,8.449999809265137,8.640000343322754,8.40999984741211,8.59000015258789,2441172
2022-11-30,8.550000190734863,8.779999732971191,8.550000190734863,8.729999542236328,3091208
2022-12-01,8.789999961853027,8.850000381469727,8.760000228881836,8.779999732971191,2464047
2022-12-02,8.779999732971191,8.829999923706055,8.729999542236328,8.739999771118164,1060026
2022-12-05,8.779999732971191,8.789999961853027,8.729999542236328,8.75,909451
2022-12-06,8.739999771118164,8.75,8.539999961853027,8.5600004196167,1280200
2022-12-07,8.5600004196167,8.670000076293945,8.529999732971191,8.619999885559082,1230232
2022-12-08,8.5600004196167,8.59000015258789,8.510000228881836,8.529999732971191,818201
2022-12-09,8.569999694824219,8.630000114440918,8.569999694824219,8.59000015258789,884689
2022-12-12,8.649999618530273,8.649999618530273,8.529999732971191,8.5600004196167,923673
2022-12-13,8.600000381469727,8.819999694824219,8.600000381469727,8.729999542236328,3369600
2022-12-14,8.770000457763672,8.789999961853027,8.729999542236328,8.729999542236328,982276
2022-12-15,8.729999542236328,8.8100004196167,8.710000038146973,8.75,938021
2022-12-16,8.6899995803833,8.6899995803833,8.579999923706055,8.579999923706055,1381315
2022-12-19,8.5600004196167,8.760000228881836,8.550000190734863,8.710000038146973,1665049
2022-12-20,8.729999542236328,8.829999923706055,8.619999885559082,8.619999885559082,2008368
2022-12-21,8.640000343322754,8.760000228881836,8.619999885559082,8.619999885559082,681996
2022-12-22,8.6899995803833,8.739999771118164,8.670000076293945,8.710000038146973,496971
2022-12-23,8.699999809265137,8.760000228881836,8.65999984741211,8.729999542236328,867982
2022-12-26,8.739999771118164,9.029999732971191,8.739999771118164,8.84000015258789,8198512
2022-12-27,8.859999656677246,8.890000343322754,8.789999961853027,8.819999694824219,1300917
2022-12-28,8.829999923706055,8.880000114440918,8.699999809265137,8.710000038146973,1331506
2022-12-29,8.65999984741211,8.760000228881836,8.5600004196167,8.680000305175781,1346559
2022-12-30,8.699999809265137,8.819999694824219,8.680000305175781,8.75,1648096
2023-01-03,8.800000190734863,8.800000190734863,8.649999618530273,8.699999809265137,1436262
2023-01-04,8.699999809265137,8.75,8.649999618530273,8.65999984741211,683615
2023-01-05,8.699999809265137,8.729999542236328,8.65999984741211,8.65999984741211,1114400
2023-01-06,8.65999984741211,8.65999984741211,8.600000381469727,8.619999885559082,904263
2023-01-09,8.670000076293945,8.699999809265137,8.649999618530273,8.65999984741211,673761
2023-01-10,8.6899995803833,8.699999809265137,8.640000343322754,8.649999618530273,394565
2023-01-11,8.630000114440918,8.680000305175781,8.619999885559082,8.649999618530273,398172
2023-01-12,8.649999618530273,8.6899995803833,8.619999885559082,8.619999885559082,403107
2023-01-13,8.640000343322754,8.640000343322754,8.600000381469727,8.600000381469727,615726
2023-01-16,8.59000015258789,8.630000114440918,8.550000190734863,8.550000190734863,899512
2023-01-17,8.550000190734863,8.59000015258789,8.539999961853027,8.550000190734863,474699
2023-01-30,8.600000381469727,8.619999885559082,8.5600004196167,8.59000015258789,725277
2023-01-31,8.5600004196167,8.6899995803833,8.5600004196167,8.670000076293945,926003
2023-02-01,8.670000076293945,8.770000457763672,8.670000076293945,8.729999542236328,947915
2023-02-02,8.770000457763672,8.819999694824219,8.729999542236328,8.779999732971191,1276927
2023-02-03,8.779999732971191,8.779999732971191,8.720000267028809,8.739999771118164,570077
2023-02-06,8.739999771118164,8.779999732971191,8.710000038146973,8.75,798460
2023-02-07,8.710000038146973,8.800000190734863,8.710000038146973,8.739999771118164,458021
2023-02-08,8.75,8.800000190734863,8.75,8.770000457763672,745699
2023-02-09,8.770000457763672,8.800000190734863,8.729999542236328,8.75,661623
2023-02-10,8.75,8.75,8.6899995803833,8.6899995803833,972661
2023-02-13,8.699999809265137,8.710000038146973,8.619999885559082,8.649999618530273,798410
2023-02-14,8.699999809265137,8.729999542236328,8.680000305175781,8.720000267028809,471680
2023-02-15,8.720000267028809,8.760000228881836,8.710000038146973,8.729999542236328,494020
2023-02-16,8.779999732971191,8.850000381469727,8.75,8.8100004196167,1557450
2023-02-17,8.819999694824219,8.869999885559082,8.779999732971191,8.850000381469727,1167315
2023-02-20,8.859999656677246,8.9399995803833,8.859999656677246,8.920000076293945,1345145
2023-02-21,8.979999542236328,8.979999542236328,8.869999885559082,8.880000114440918,731645
2023-02-22,8.880000114440918,8.880000114440918,8.800000190734863,8.880000114440918,798152
2023-02-23,8.9399995803833,8.989999771118164,8.890000343322754,8.899999618530273,1620898
2023-02-24,8.9399995803833,8.9399995803833,8.880000114440918,8.930000305175781,1043141
2023-03-01,8.930000305175781,8.949999809265137,8.880000114440918,8.890000343322754,1039163
2023-03-02,8.880000114440918,9.050000190734863,8.880000114440918,9.010000228881836,1505933
2023-03-03,9.020000457763672,9.170000076293945,9.020000457763672,9.119999885559082,2951315
2023-03-06,9.210000038146973,9.25,9.119999885559082,9.119999885559082,1971233
2023-03-07,9.130000114440918,9.229999542236328,9.130000114440918,9.15999984741211,1307779
2023-03-08,9.170000076293945,9.220000267028809,9.119999885559082,9.220000267028809,1233247
2023-03-09,9.260000228881836,9.279999732971191,9.170000076293945,9.170000076293945,1620552
2023-03-10,9.170000076293945,9.170000076293945,8.979999542236328,8.989999771118164,2068332
2023-03-13,9.0,9.050000190734863,8.859999656677246,8.979999542236328,1255005
2023-03-14,8.949999809265137,8.979999542236328,8.890000343322754,8.920000076293945,854393
2023-03-15,8.989999771118164,8.989999771118164,8.890000343322754,8.920000076293945,663869
2023-03-16,8.779999732971191,8.819999694824219,8.670000076293945,8.6899995803833,3172427
2023-03-17,8.6899995803833,8.760000228881836,8.6899995803833,8.739999771118164,1530859
2023-03-20,8.739999771118164,8.779999732971191,8.739999771118164,8.760000228881836,773341
2023-03-21,8.779999732971191,8.90999984741211,8.779999732971191,8.899999618530273,1162846
2023-03-22,8.979999542236328,8.979999542236328,8.880000114440918,8.890000343322754,1023191
2023-03-23,8.890000343322754,8.920000076293945,8.800000190734863,8.890000343322754,619126
2023-03-24,8.9399995803833,8.970000267028809,8.880000114440918,8.949999809265137,1413070
2023-03-27,8.979999542236328,8.989999771118164,8.890000343322754,8.920000076293945,747917
2023-03-28,8.960000038146973,8.960000038146973,8.880000114440918,8.899999618530273,1174174
2023-03-29,8.899999618530273,8.970000267028809,8.890000343322754,8.90999984741211,805598
2023-03-30,8.949999809265137,8.979999542236328,8.930000305175781,8.9399995803833,1364141
2023-03-31,9.010000228881836,9.020000457763672,8.9399995803833,8.970000267028809,1101071
2023-04-06,9.0,9.140000343322754,8.979999542236328,9.079999923706055,1550007
2023-04-07,9.119999885559082,9.140000343322754,9.020000457763672,9.09000015258789,1125571
2023-04-10,9.149999618530273,9.170000076293945,9.09000015258789,9.109999656677246,1660870
2023-04-11,9.140000343322754,9.180000305175781,9.119999885559082,9.149999618530273,1839876
2023-04-12,9.180000305175781,9.180000305175781,9.130000114440918,9.170000076293945,2003324
2023-04-13,9.1899995803833,9.279999732971191,9.149999618530273,9.220000267028809,2935102
2023-04-14,9.229999542236328,9.260000228881836,9.199999809265137,9.220000267028809,1318462
2023-04-17,9.359999656677246,9.359999656677246,9.25,9.260000228881836,1283055
2023-04-18,9.300000190734863,9.369999885559082,9.220000267028809,9.3100004196167,2710700
2023-04-19,9.380000114440918,9.380000114440918,9.270000457763672,9.289999961853027,2116163
2023-04-20,9.289999961853027,9.289999961853027,9.100000381469727,9.130000114440918,1356371
2023-04-21,9.130000114440918,9.15999984741211,9.039999961853027,9.0600004196167,1511132
2023-04-24,9.0600004196167,9.25,9.050000190734863,9.220000267028809,1792920
2023-04-25,9.260000228881836,9.550000190734863,9.239999771118164,9.300000190734863,10458806
2023-04-26,9.220000267028809,9.359999656677246,9.069999694824219,9.3100004196167,3744011
2023-04-27,9.3100004196167,9.460000038146973,9.289999961853027,9.300000190734863,4957361
2023-04-28,9.470000267028809,9.470000267028809,9.3100004196167,9.3100004196167,1821302
2023-05-02,9.319999694824219,9.390000343322754,9.260000228881836,9.350000381469727,1630977
2023-05-03,9.40999984741211,9.470000267028809,9.350000381469727,9.420000076293945,2702914
2023-05-04,9.5,9.520000457763672,9.399999618530273,9.420000076293945,1209616
2023-05-05,9.449999809265137,9.460000038146973,9.380000114440918,9.420000076293945,2365411
2023-05-08,9.449999809265137,9.460000038146973,9.380000114440918,9.390000343322754,1395699
2023-05-09,9.369999885559082,9.369999885559082,9.119999885559082,9.130000114440918,3396100
2023-05-10,9.140000343322754,9.1899995803833,9.100000381469727,9.130000114440918,1437672
2023-05-11,9.1899995803833,9.1899995803833,8.979999542236328,9.0,2102432
2023-05-12,9.0600004196167,9.109999656677246,8.949999809265137,9.079999923706055,899063
2023-05-15,9.039999961853027,9.149999618530273,9.020000457763672,9.119999885559082,992284
2023-05-16,9.149999618530273,9.25,9.149999618530273,9.220000267028809,1366324
2023-05-17,9.220000267028809,9.329999923706055,9.220000267028809,9.289999961853027,2444288
2023-05-18,9.300000190734863,9.34000015258789,9.25,9.25,1638910
2023-05-19,9.300000190734863,9.300000190734863,9.210000038146973,9.220000267028809,1017097
2023-05-22,9.25,9.260000228881836,9.220000267028809,9.239999771118164,897213
2023-05-23,9.25,9.350000381469727,9.25,9.279999732971191,1218845
2023-05-24,9.260000228881836,9.390000343322754,9.260000228881836,9.329999923706055,1705851
2023-05-25,9.350000381469727,9.350000381469727,9.239999771118164,9.270000457763672,1410982
2023-05-26,9.329999923706055,9.350000381469727,9.220000267028809,9.220000267028809,1168335
2023-05-29,9.25,9.300000190734863,9.15999984741211,9.220000267028809,2539973
2023-05-30,9.210000038146973,9.220000267028809,9.170000076293945,9.170000076293945,667223
2023-05-31,9.229999542236328,9.399999618530273,9.180000305175781,9.270000457763672,2826475
2023-06-01,9.270000457763672,9.279999732971191,9.220000267028809,9.229999542236328,787711
2023-06-02,9.25,9.25,9.1899995803833,9.199999809265137,1873055
2023-06-05,9.220000267028809,9.470000267028809,9.220000267028809,9.350000381469727,27636918
2023-06-06,9.399999618530273,9.399999618530273,9.239999771118164,9.279999732971191,3105707
2023-06-07,9.279999732971191,9.329999923706055,9.25,9.260000228881836,1824024
2023-06-08,9.260000228881836,9.270000457763672,9.199999809265137,9.210000038146973,1518740
2023-06-09,9.260000228881836,9.270000457763672,9.1899995803833,9.1899995803833,1686671
2023-06-12,9.199999809265137,9.199999809265137,9.010000228881836,9.010000228881836,4892237
2023-06-13,9.029999732971191,9.029999732971191,8.9399995803833,8.949999809265137,3036869
2023-06-14,8.960000038146973,9.039999961853027,8.949999809265137,8.979999542236328,1929856
2023-06-15,8.949999809265137,8.970000267028809,8.84000015258789,8.84000015258789,3630614
2023-06-16,8.890000343322754,8.970000267028809,8.859999656677246,8.970000267028809,2631684
2023-06-19,9.010000228881836,9.010000228881836,8.930000305175781,8.960000038146973,1890154
2023-06-20,8.970000267028809,8.970000267028809,8.899999618530273,8.920000076293945,1962093
2023-06-21,8.920000076293945,8.979999542236328,8.880000114440918,8.920000076293945,1935079
2023-06-26,8.930000305175781,8.960000038146973,8.890000343322754,8.920000076293945,1159850
2023-06-27,8.920000076293945,8.9399995803833,8.850000381469727,8.859999656677246,1738583
2023-06-28,8.899999618530273,8.899999618530273,8.84000015258789,8.84000015258789,1214530
2023-06-29,8.850000381469727,8.90999984741211,8.84000015258789,8.859999656677246,903170
2023-06-30,8.869999885559082,8.899999618530273,8.84000015258789,8.859999656677246,1219951
2023-07-03,8.890000343322754,8.9399995803833,8.859999656677246,8.920000076293945,1565620
2023-07-04,8.920000076293945,8.960000038146973,8.890000343322754,8.899999618530273,1551310
2023-07-05,8.90999984741211,8.949999809265137,8.890000343322754,8.899999618530273,1323220
2023-07-06,8.899999618530273,8.920000076293945,8.819999694824219,8.850000381469727,1874240
2023-07-07,8.850000381469727,8.850000381469727,8.75,8.760000228881836,1676599
2023-07-10,8.779999732971191,8.819999694824219,8.729999542236328,8.739999771118164,1048595
2023-07-11,8.75,8.8100004196167,8.729999542236328,8.75,919343
2023-07-12,8.75,8.800000190734863,8.699999809265137,8.710000038146973,820730
2023-07-13,8.739999771118164,8.760000228881836,8.59000015258789,8.59000015258789,1992838
2023-07-14,8.630000114440918,8.65999984741211,8.609999656677246,8.609999656677246,1057478
2023-07-17,8.529999732971191,8.649999618530273,8.529999732971191,8.640000343322754,1303435
2023-07-18,8.609999656677246,8.640000343322754,8.579999923706055,8.579999923706055,1220150
2023-07-19,8.59000015258789,8.619999885559082,8.520000457763672,8.529999732971191,1280308
2023-07-20,8.5600004196167,8.619999885559082,8.520000457763672,8.5600004196167,798500
2023-07-21,8.600000381469727,8.600000381469727,8.479999542236328,8.5,2446962
2023-07-24,8.5,8.510000228881836,8.350000381469727,8.350000381469727,2354148
2023-07-25,8.350000381469727,8.390000343322754,8.329999923706055,8.359999656677246,1376655
2023-07-26,8.359999656677246,8.460000038146973,8.359999656677246,8.399999618530273,1230933
2023-07-27,8.479999542236328,8.579999923706055,8.449999809265137,8.539999961853027,1865915
2023-07-28,8.539999961853027,8.600000381469727,8.460000038146973,8.5,1684556
2023-07-31,8.539999961853027,8.579999923706055,8.470000267028809,8.510000228881836,1717302
2023-08-01,8.5600004196167,8.59000015258789,8.520000457763672,8.550000190734863,1273916
2023-08-02,8.550000190734863,8.6899995803833,8.520000457763672,8.600000381469727,2541622
2023-08-04,8.600000381469727,8.65999984741211,8.5600004196167,8.600000381469727,1177236
2023-08-07,8.619999885559082,8.630000114440918,8.5600004196167,8.609999656677246,1180295
2023-08-08,8.640000343322754,8.640000343322754,8.5600004196167,8.579999923706055,939212
2023-08-09,8.579999923706055,8.59000015258789,8.520000457763672,8.520000457763672,845221
2023-08-10,8.550000190734863,8.619999885559082,8.550000190734863,8.59000015258789,2347021
2023-08-11,8.609999656677246,8.6899995803833,8.600000381469727,8.640000343322754,1898795
2023-08-14,8.670000076293945,8.6899995803833,8.600000381469727,8.630000114440918,2017000
2023-08-15,8.5,8.630000114440918,8.489999771118164,8.539999961853027,1011739
2023-08-16,8.510000228881836,8.510000228881836,8.430000305175781,8.460000038146973,1282759
2023-08-17,8.460000038146973,8.460000038146973,8.359999656677246,8.420000076293945,945914
2023-08-18,8.40999984741211,8.5,8.369999885559082,8.420000076293945,706559
2023-08-21,8.420000076293945,8.510000228881836,8.399999618530273,8.479999542236328,524598
2023-08-22,8.470000267028809,8.479999542236328,8.399999618530273,8.420000076293945,931392
2023-08-23,8.430000305175781,8.470000267028809,8.399999618530273,8.420000076293945,517880
2023-08-24,8.430000305175781,8.470000267028809,8.399999618530273,8.40999984741211,1167314
2023-08-25,8.399999618530273,8.470000267028809,8.399999618530273,8.4399995803833,494333
2023-08-28,8.449999809265137,8.479999542236328,8.40999984741211,8.430000305175781,827735
2023-08-29,8.430000305175781,8.460000038146973,8.430000305175781,8.460000038146973,403204
2023-08-30,8.510000228881836,8.550000190734863,8.5,8.520000457763672,832514
2023-08-31,8.520000457763672,8.579999923706055,8.520000457763672,8.569999694824219,949481
2023-09-01,8.569999694824219,8.619999885559082,8.569999694824219,8.609999656677246,1005832
2023-09-04,8.649999618530273,8.65999984741211,8.550000190734863,8.569999694824219,942180
2023-09-05,8.569999694824219,8.579999923706055,8.539999961853027,8.569999694824219,824130
2023-09-06,8.579999923706055,8.600000381469727,8.520000457763672,8.529999732971191,857868
2023-09-07,8.5600004196167,8.569999694824219,8.449999809265137,8.470000267028809,1278991
2023-09-08,8.470000267028809,8.470000267028809,8.390000343322754,8.399999618530273,1561184
2023-09-11,8.449999809265137,8.449999809265137,8.380000114440918,8.380000114440918,943599
2023-09-12,8.390000343322754,8.4399995803833,8.380000114440918,8.4399995803833,722170
2023-09-13,8.40999984741211,8.520000457763672,8.40999984741211,8.470000267028809,793050
2023-09-14,8.479999542236328,8.510000228881836,8.479999542236328,8.489999771118164,599961
2023-09-15,8.489999771118164,8.539999961853027,8.479999542236328,8.5,794057
2023-09-18,8.5,8.520000457763672,8.489999771118164,8.520000457763672,775927
2023-09-19,8.539999961853027,8.600000381469727,8.510000228881836,8.5600004196167,1423962
2023-09-20,8.539999961853027,8.569999694824219,8.510000228881836,8.510000228881836,547934
2023-09-21,8.489999771118164,8.5,8.420000076293945,8.420000076293945,1358221
2023-09-22,8.399999618530273,8.399999618530273,8.34000015258789,8.369999885559082,1893048
2023-09-25,8.390000343322754,8.399999618530273,8.359999656677246,8.390000343322754,906907
2023-09-26,8.399999618530273,8.399999618530273,8.350000381469727,8.359999656677246,839091
2023-09-27,8.390000343322754,8.390000343322754,8.34000015258789,8.350000381469727,639808
2023-09-28,8.359999656677246,8.380000114440918,8.350000381469727,8.350000381469727,434098
2023-10-02,8.34000015258789,8.369999885559082,8.34000015258789,8.359999656677246,840510
2023-10-03,8.359999656677246,8.380000114440918,8.329999923706055,8.34000015258789,910951
2023-10-04,8.329999923706055,8.329999923706055,8.220000267028809,8.229999542236328,1605661
2023-10-05,8.229999542236328,8.289999961853027,8.229999542236328,8.25,416902
2023-10-06,8.260000228881836,8.289999961853027,8.25,8.270000457763672,400230
2023-10-11,8.3100004196167,8.369999885559082,8.289999961853027,8.3100004196167,879184
2023-10-12,8.300000190734863,8.350000381469727,8.300000190734863,8.329999923706055,680519
2023-10-13,8.319999694824219,8.399999618530273,8.319999694824219,8.369999885559082,1041137
2023-10-16,8.390000343322754,8.4399995803833,8.359999656677246,8.40999984741211,1138479
2023-10-17,8.420000076293945,8.449999809265137,8.390000343322754,8.390000343322754,966988
2023-10-18,8.399999618530273,8.399999618530273,8.300000190734863,8.369999885559082,1128261
2023-10-19,8.319999694824219,8.380000114440918,8.319999694824219,8.359999656677246,423324
2023-10-20,8.369999885559082,8.369999885559082,8.279999732971191,8.3100004196167,501360
2023-10-23,8.350000381469727,8.529999732971191,8.34000015258789,8.399999618530273,990045
2023-10-24,8.399999618530273,8.420000076293945,8.359999656677246,8.399999618530273,346111
2023-10-25,8.399999618530273,8.4399995803833,8.399999618530273,8.420000076293945,394920
2023-10-26,8.430000305175781,8.489999771118164,8.40999984741211,8.420000076293945,893126
2023-10-27,8.460000038146973,8.479999542236328,8.4399995803833,8.460000038146973,918372
2023-10-30,8.460000038146973,8.479999542236328,8.420000076293945,8.460000038146973,653611
2023-10-31,8.479999542236328,8.489999771118164,8.399999618530273,8.399999618530273,929668
2023-11-01,8.449999809265137,8.449999809265137,8.369999885559082,8.399999618530273,530969
2023-11-02,8.4399995803833,8.479999542236328,8.390000343322754,8.460000038146973,580275
2023-11-03,8.460000038146973,8.460000038146973,8.430000305175781,8.430000305175781,815566
2023-11-06,8.449999809265137,8.520000457763672,8.449999809265137,8.510000228881836,1560414
2023-11-07,8.510000228881836,8.529999732971191,8.489999771118164,8.510000228881836,708444
2023-11-08,8.510000228881836,8.539999961853027,8.479999542236328,8.479999542236328,1140277
2023-11-09,8.550000190734863,8.670000076293945,8.550000190734863,8.65999984741211,4130247
2023-11-10,8.699999809265137,8.699999809265137,8.640000343322754,8.680000305175781,1699192
2023-11-13,8.760000228881836,8.760000228881836,8.710000038146973,8.739999771118164,1823550
2023-11-14,8.75,8.779999732971191,8.6899995803833,8.710000038146973,1721897
2023-11-15,8.75,8.829999923706055,8.739999771118164,8.819999694824219,2373741
2023-11-16,8.84000015258789,8.960000038146973,8.84000015258789,8.9399995803833,3285153
2023-11-17,8.960000038146973,9.0,8.899999618530273,8.960000038146973,2025600
2023-11-20,8.979999542236328,8.979999542236328,8.9399995803833,8.960000038146973,1298639
2023-11-21,8.970000267028809,9.039999961853027,8.970000267028809,9.0,2149094
2023-11-22,9.020000457763672,9.039999961853027,9.0,9.0,1874375
2023-11-23,9.050000190734863,9.09000015258789,8.979999542236328,8.989999771118164,1844975
2023-11-24,9.0600004196167,9.0600004196167,8.989999771118164,9.0,1158725
2023-11-27,9.0600004196167,9.180000305175781,9.029999732971191,9.100000381469727,3905678
2023-11-28,9.140000343322754,9.170000076293945,9.119999885559082,9.149999618530273,2303089
2023-11-29,9.220000267028809,9.239999771118164,9.170000076293945,9.199999809265137,2896666
2023-11-30,9.220000267028809,9.239999771118164,9.170000076293945,9.1899995803833,2271357
2023-12-01,9.229999542236328,9.300000190734863,9.199999809265137,9.270000457763672,4174260
2023-12-04,9.369999885559082,9.460000038146973,9.3100004196167,9.430000305175781,5690832
2023-12-05,9.460000038146973,9.460000038146973,9.300000190734863,9.329999923706055,3882202
2023-12-06,9.369999885559082,9.399999618530273,9.289999961853027,9.34000015258789,2960950
2023-12-07,9.359999656677246,9.359999656677246,9.15999984741211,9.170000076293945,4718006
2023-12-08,9.15999984741211,9.229999542236328,9.109999656677246,9.119999885559082,2706154
2023-12-11,9.069999694824219,9.140000343322754,9.069999694824219,9.119999885559082,1433934
2023-12-12,9.029999732971191,9.119999885559082,9.020000457763672,9.09000015258789,1897952
2023-12-13,9.100000381469727,9.149999618530273,9.09000015258789,9.109999656677246,986037
2023-12-14,9.149999618530273,9.210000038146973,9.149999618530273,9.180000305175781,890121
2023-12-15,9.180000305175781,9.260000228881836,9.180000305175781,9.239999771118164,1669640
2023-12-18,9.239999771118164,9.289999961853027,9.199999809265137,9.220000267028809,1105145
2023-12-19,9.1899995803833,9.199999809265137,9.119999885559082,9.149999618530273,1382968
2023-12-20,9.170000076293945,9.239999771118164,9.15999984741211,9.229999542236328,1211071
2023-12-21,9.220000267028809,9.239999771118164,9.170000076293945,9.199999809265137,778481
2023-12-22,9.210000038146973,9.210000038146973,9.140000343322754,9.149999618530273,1178869
2023-12-25,9.15999984741211,9.170000076293945,9.069999694824219,9.069999694824219,1154149
2023-12-26,9.069999694824219,9.140000343322754,9.0600004196167,9.109999656677246,636255
2023-12-27,9.119999885559082,9.119999885559082,9.069999694824219,9.100000381469727,810405
2023-12-28,9.109999656677246,9.180000305175781,9.09000015258789,9.140000343322754,727956
2023-12-29,9.119999885559082,9.15999984741211,9.100000381469727,9.130000114440918,646837
2024-01-02,9.199999809265137,9.199999809265137,9.119999885559082,9.140000343322754,806157
2024-01-03,9.140000343322754,9.140000343322754,9.039999961853027,9.050000190734863,1736801
2024-01-04,9.050000190734863,9.180000305175781,9.050000190734863,9.100000381469727,661692
2024-01-05,9.079999923706055,9.130000114440918,9.069999694824219,9.100000381469727,616712
2024-01-08,9.100000381469727,9.119999885559082,9.0600004196167,9.079999923706055,725406
2024-01-09,9.130000114440918,9.130000114440918,9.029999732971191,9.029999732971191,1037467
2024-01-10,9.0600004196167,9.100000381469727,9.020000457763672,9.029999732971191,1037707
2024-01-11,9.09000015258789,9.119999885559082,9.0600004196167,9.119999885559082,1177045
2024-01-12,9.119999885559082,9.270000457763672,9.100000381469727,9.180000305175781,2024123
2024-01-15,9.180000305175781,9.1899995803833,9.119999885559082,9.130000114440918,1229003
2024-01-16,9.119999885559082,9.140000343322754,8.989999771118164,8.989999771118164,2869960
2024-01-17,8.989999771118164,9.050000190734863,8.930000305175781,8.930000305175781,1917486
2024-01-18,8.960000038146973,9.0,8.9399995803833,8.949999809265137,651399
2024-01-19,8.949999809265137,8.989999771118164,8.920000076293945,8.920000076293945,566149
2024-01-22,8.930000305175781,8.949999809265137,8.890000343322754,8.899999618530273,754200
2024-01-23,8.880000114440918,8.949999809265137,8.880000114440918,8.930000305175781,818732
2024-01-24,9.0,9.020000457763672,8.9399995803833,8.960000038146973,733239
2024-01-25,8.970000267028809,8.979999542236328,8.920000076293945,8.930000305175781,789934
2024-01-26,8.9399995803833,9.0,8.930000305175781,8.970000267028809,673523
2024-01-29,8.970000267028809,9.0,8.960000038146973,8.989999771118164,488958
2024-01-30,9.029999732971191,9.029999732971191,8.90999984741211,8.90999984741211,742327
2024-01-31,8.899999618530273,8.920000076293945,8.880000114440918,8.890000343322754,678217
2024-02-01,8.890000343322754,8.930000305175781,8.880000114440918,8.899999618530273,567820
2024-02-02,8.920000076293945,8.9399995803833,8.890000343322754,8.890000343322754,748250
2024-02-05,8.890000343322754,8.890000343322754,8.819999694824219,8.829999923706055,1291695
2024-02-15,8.829999923706055,8.890000343322754,8.8100004196167,8.84000015258789,1304557
2024-02-16,8.890000343322754,8.960000038146973,8.890000343322754,8.949999809265137,1144044
2024-02-19,8.90999984741211,9.050000190734863,8.90999984741211,9.039999961853027,1738080
2024-02-20,9.079999923706055,9.09000015258789,9.0,9.020000457763672,1374712
2024-02-21,9.020000457763672,9.050000190734863,8.989999771118164,8.989999771118164,1128612
2024-02-22,9.020000457763672,9.039999961853027,8.989999771118164,9.010000228881836,1097636
2024-02-23,9.029999732971191,9.039999961853027,8.989999771118164,8.989999771118164,1394458
2024-02-26,8.989999771118164,9.199999809265137,8.989999771118164,9.149999618530273,3898888
2024-02-27,9.1899995803833,9.1899995803833,9.069999694824219,9.069999694824219,1553557
2024-02-29,9.100000381469727,9.119999885559082,9.050000190734863,9.09000015258789,1018638
2024-03-01,9.109999656677246,9.109999656677246,9.050000190734863,9.050000190734863,1114553
2024-03-04,9.0600004196167,9.079999923706055,9.039999961853027,9.050000190734863,1075438
2024-03-05,9.069999694824219,9.09000015258789,9.020000457763672,9.050000190734863,1276693
2024-03-06,9.050000190734863,9.140000343322754,9.050000190734863,9.119999885559082,1278968
2024-03-07,9.079999923706055,9.079999923706055,9.0,9.010000228881836,2763005
2024-03-08,9.010000228881836,9.010000228881836,8.899999618530273,8.90999984741211,1896410
2024-03-11,8.90999984741211,8.9399995803833,8.880000114440918,8.890000343322754,1189878
2024-03-12,8.899999618530273,8.970000267028809,8.899999618530273,8.930000305175781,1101615
2024-03-13,8.930000305175781,8.970000267028809,8.890000343322754,8.930000305175781,1320853
2024-03-14,8.989999771118164,9.119999885559082,8.989999771118164,9.050000190734863,2351031
2024-03-15,9.100000381469727,9.140000343322754,9.0,9.069999694824219,2205132
2024-03-18,9.079999923706055,9.119999885559082,9.029999732971191,9.100000381469727,2025441
2024-03-19,9.100000381469727,9.149999618530273,9.079999923706055,9.079999923706055,3512451
2024-03-20,9.100000381469727,9.100000381469727,9.039999961853027,9.039999961853027,1627590
2024-03-21,9.069999694824219,9.079999923706055,9.029999732971191,9.0600004196167,1691655
2024-03-22,9.0600004196167,9.079999923706055,9.029999732971191,9.069999694824219,790358
2024-03-25,8.880000114440918,8.930000305175781,8.640000343322754,8.720000267028809,9479420
2024-03-26,8.710000038146973,8.760000228881836,8.670000076293945,8.699999809265137,2565485
2024-03-27,8.739999771118164,8.819999694824219,8.739999771118164,8.8100004196167,1635586
2024-03-28,8.829999923706055,8.859999656677246,8.75,8.760000228881836,1265040
2024-03-29,8.8100004196167,8.819999694824219,8.75,8.770000457763672,551000
2024-04-01,8.779999732971191,8.800000190734863,8.75,8.75,1034722
2024-04-02,8.75,8.800000190734863,8.729999542236328,8.75,1090506
2024-04-03,8.75,8.779999732971191,8.699999809265137,8.710000038146973,1166663
2024-04-08,8.729999542236328,8.789999961853027,8.710000038146973,8.789999961853027,1063791
2024-04-09,8.829999923706055,8.90999984741211,8.829999923706055,8.859999656677246,1333777
2024-04-10,8.890000343322754,8.890000343322754,8.829999923706055,8.84000015258789,763670
2024-04-11,8.84000015258789,8.84000015258789,8.770000457763672,8.789999961853027,985147
2024-04-12,8.789999961853027,8.789999961853027,8.75,8.779999732971191,742396
2024-04-15,8.770000457763672,8.880000114440918,8.770000457763672,8.800000190734863,850474
2024-04-16,8.869999885559082,8.869999885559082,8.600000381469727,8.649999618530273,1804450
2024-04-17,8.65999984741211,8.789999961853027,8.65999984741211,8.779999732971191,1080364
2024-04-18,8.789999961853027,8.829999923706055,8.729999542236328,8.829999923706055,797819
2024-04-19,8.829999923706055,8.880000114440918,8.670000076293945,8.760000228881836,1619139
2024-04-22,8.760000228881836,8.84000015258789,8.760000228881836,8.8100004196167,1289525
2024-04-23,8.84000015258789,8.899999618530273,8.84000015258789,8.850000381469727,874331
2024-04-24,8.899999618530273,8.899999618530273,8.829999923706055,8.850000381469727,854147
2024-04-25,8.84000015258789,8.890000343322754,8.8100004196167,8.880000114440918,815665
2024-04-26,8.899999618530273,8.90999984741211,8.859999656677246,8.859999656677246,993308
2024-04-29,8.869999885559082,9.0,8.869999885559082,8.970000267028809,2795089
2024-04-30,8.970000267028809,9.0,8.9399995803833,8.960000038146973,1097337
2024-05-02,8.970000267028809,9.0600004196167,8.960000038146973,9.029999732971191,2107408
2024-05-03,9.09000015258789,9.170000076293945,9.039999961853027,9.09000015258789,4321267
2024-05-06,9.15999984741211,9.199999809265137,9.109999656677246,9.149999618530273,2526400
2024-05-07,9.149999618530273,9.180000305175781,9.0,9.039999961853027,3423155
2024-05-08,9.039999961853027,9.119999885559082,9.029999732971191,9.09000015258789,1028456
2024-05-09,9.3100004196167,9.819999694824219,9.25,9.550000190734863,22308194
2024-05-10,9.680000305175781,9.800000190734863,9.569999694824219,9.649999618530273,12040034
2024-05-13,9.819999694824219,10.0,9.729999542236328,9.869999885559082,11149305
2024-05-14,9.890000343322754,9.930000305175781,9.640000343322754,9.680000305175781,7739381
2024-05-15,9.779999732971191,9.859999656677246,9.75,9.800000190734863,4641310
2024-05-16,9.859999656677246,9.899999618530273,9.779999732971191,9.829999923706055,3522603
2024-05-17,9.829999923706055,9.960000038146973,9.819999694824219,9.9399995803833,6369434
2024-05-20,10.0,10.0,9.850000381469727,9.920000076293945,3931475
2024-05-21,9.899999618530273,9.899999618530273,9.65999984741211,9.6899995803833,5315114
2024-05-22,9.8100004196167,9.8100004196167,9.710000038146973,9.729999542236328,2151816
2024-05-23,9.75,9.75,9.59000015258789,9.670000076293945,3583610
2024-05-24,9.630000114440918,9.630000114440918,9.510000228881836,9.59000015258789,2126016
2024-05-27,9.65999984741211,9.65999984741211,9.539999961853027,9.59000015258789,1998565
2024-05-28,9.600000381469727,9.850000381469727,9.59000015258789,9.819999694824219,4430160
2024-05-29,9.880000114440918,9.930000305175781,9.819999694824219,9.850000381469727,2842422
2024-05-30,9.829999923706055,9.890000343322754,9.779999732971191,9.859999656677246,2227910
2024-05-31,9.859999656677246,9.949999809265137,9.84000015258789,9.890000343322754,4309426
2024-06-03,9.979999542236328,9.979999542236328,9.8100004196167,9.819999694824219,2755129
2024-06-04,9.819999694824219,9.819999694824219,9.75,9.770000457763672,1576982
2024-06-05,9.800000190734863,9.84000015258789,9.720000267028809,9.760000228881836,1978875
2024-06-06,9.760000228881836,9.760000228881836,9.59000015258789,9.630000114440918,3797596
2024-06-07,9.630000114440918,9.859999656677246,9.630000114440918,9.770000457763672,3933432
2024-06-11,10.0,10.25,9.90999984741211,10.149999618530273,14810256
2024-06-12,10.100000381469727,10.149999618530273,9.859999656677246,10.100000381469727,9004947
2024-06-13,10.100000381469727,10.100000381469727,9.899999618530273,9.9399995803833,3690058
2024-06-14,9.920000076293945,10.050000190734863,9.90999984741211,9.989999771118164,2635937
2024-06-17,10.0,10.100000381469727,10.0,10.0,2629172
2024-06-18,10.050000190734863,10.100000381469727,10.0,10.100000381469727,3184221
2024-06-19,10.149999618530273,10.149999618530273,9.920000076293945,9.949999809265137,3395442
2024-06-20,9.960000038146973,10.0,9.920000076293945,9.949999809265137,2158430
2024-06-21,9.949999809265137,10.050000190734863,9.949999809265137,10.050000190734863,2254295
2024-06-24,10.050000190734863,10.100000381469727,9.960000038146973,9.979999542236328,1580819
2024-06-25,10.0,10.0,9.869999885559082,9.9399995803833,1698677
2024-06-26,9.9399995803833,9.979999542236328,9.899999618530273,9.90999984741211,1526381
2024-06-27,9.890000343322754,9.90999984741211,9.819999694824219,9.899999618530273,1914932
2024-06-28,9.9399995803833,10.050000190734863,9.930000305175781,9.960000038146973,1925124
2024-07-01,10.0,10.149999618530273,9.979999542236328,10.050000190734863,3599128
2024-07-02,10.050000190734863,10.199999809265137,10.050000190734863,10.149999618530273,3750082
2024-07-03,10.149999618530273,10.449999809265137,10.149999618530273,10.399999618530273,9185026
2024-07-04,10.550000190734863,10.550000190734863,10.350000381469727,10.350000381469727,4629351
2024-07-05,10.399999618530273,10.649999618530273,10.350000381469727,10.550000190734863,6195027
2024-07-08,10.600000381469727,10.699999809265137,10.399999618530273,10.449999809265137,4576411
2024-07-09,10.5,10.5,10.100000381469727,10.199999809265137,4218235
2024-07-10,10.300000190734863,10.399999618530273,10.300000190734863,10.300000190734863,1386501
2024-07-11,10.199999809265137,10.300000190734863,10.0,10.050000190734863,7314084
2024-07-12,10.100000381469727,10.25,10.050000190734863,10.149999618530273,3878613
2024-07-15,10.149999618530273,10.199999809265137,10.050000190734863,10.100000381469727,2011788
2024-07-16,10.100000381469727,10.149999618530273,10.0,10.100000381469727,2671522
2024-07-17,10.149999618530273,10.300000190734863,10.149999618530273,10.300000190734863,3744430
2024-07-18,10.25,10.449999809265137,10.149999618530273,10.300000190734863,6622471
2024-07-19,10.350000381469727,10.350000381469727,10.0,10.100000381469727,5113930
2024-07-22,10.100000381469727,10.25,10.0,10.199999809265137,4421673
2024-07-23,10.25,10.350000381469727,10.149999618530273,10.199999809265137,2014013
2024-07-26,10.149999618530273,10.25,10.050000190734863,10.25,2481437
2024-07-29,10.25,10.399999618530273,10.199999809265137,10.199999809265137,3513588
2024-07-30,10.199999809265137,10.399999618530273,10.149999618530273,10.350000381469727,2254424
2024-07-31,10.350000381469727,10.399999618530273,10.199999809265137,10.25,1756746
2024-08-01,10.300000190734863,10.5,10.300000190734863,10.449999809265137,3872154
2024-08-02,10.350000381469727,10.350000381469727,10.149999618530273,10.149999618530273,3024658
2024-08-05,10.100000381469727,10.100000381469727,9.40999984741211,9.4399995803833,7331297
2024-08-06,9.5600004196167,9.640000343322754,9.239999771118164,9.579999923706055,5211553
2024-08-07,9.579999923706055,9.84000015258789,9.550000190734863,9.789999961853027,2961318
2024-08-08,9.460000038146973,9.460000038146973,9.100000381469727,9.229999542236328,11547980
2024-08-09,9.279999732971191,9.399999618530273,9.180000305175781,9.1899995803833,7175489
2024-08-12,9.15999984741211,9.260000228881836,9.15999984741211,9.1899995803833,2578696
2024-08-13,9.199999809265137,9.25,9.140000343322754,9.220000267028809,3718405
2024-08-14,9.239999771118164,9.289999961853027,9.199999809265137,9.220000267028809,2880540
2024-08-15,8.970000267028809,8.989999771118164,8.920000076293945,8.930000305175781,3231582
2024-08-16,8.960000038146973,9.029999732971191,8.890000343322754,8.90999984741211,2818931
2024-08-19,8.90999984741211,8.920000076293945,8.869999885559082,8.880000114440918,1932329
2024-08-20,8.899999618530273,8.90999984741211,8.850000381469727,8.850000381469727,2577960
2024-08-21,8.850000381469727,8.970000267028809,8.84000015258789,8.899999618530273,1487045
2024-08-22,8.899999618530273,9.0600004196167,8.880000114440918,9.0,3385663
2024-08-23,9.0,9.0,8.90999984741211,8.9399995803833,1948934
2024-08-26,9.0,9.020000457763672,8.949999809265137,8.979999542236328,1870601
2024-08-27,8.979999542236328,9.020000457763672,8.9399995803833,8.989999771118164,1068760
2024-08-28,9.050000190734863,9.050000190734863,9.0,9.010000228881836,1234792
2024-08-29,8.989999771118164,9.010000228881836,8.949999809265137,8.960000038146973,1181485
2024-08-30,8.979999542236328,9.020000457763672,8.949999809265137,8.960000038146973,1003773
2024-09-02,9.010000228881836,9.010000228881836,8.9399995803833,8.949999809265137,669311
2024-09-03,8.970000267028809,8.970000267028809,8.880000114440918,8.880000114440918,1384769
2024-09-04,8.760000228881836,8.760000228881836,8.510000228881836,8.529999732971191,3685430
2024-09-05,8.59000015258789,8.720000267028809,8.510000228881836,8.5600004196167,1325101
2024-09-06,8.619999885559082,8.619999885559082,8.520000457763672,8.569999694824219,762590
2024-09-09,8.59000015258789,8.59000015258789,8.399999618530273,8.550000190734863,1585083
2024-09-10,8.579999923706055,8.640000343322754,8.529999732971191,8.529999732971191,1039789
2024-09-11,8.619999885559082,8.619999885559082,8.5600004196167,8.579999923706055,628677
2024-09-12,8.619999885559082,8.670000076293945,8.600000381469727,8.630000114440918,544104
2024-09-13,8.619999885559082,8.729999542236328,8.619999885559082,8.6899995803833,1083227
2024-09-16,8.739999771118164,8.880000114440918,8.710000038146973,8.869999885559082,1199612
2024-09-18,8.899999618530273,8.9399995803833,8.819999694824219,8.829999923706055,1606910
2024-09-19,8.880000114440918,8.9399995803833,8.850000381469727,8.880000114440918,1088526
2024-09-20,8.90999984741211,9.0600004196167,8.84000015258789,9.020000457763672,3828480
2024-09-23,9.050000190734863,9.050000190734863,8.899999618530273,8.90999984741211,1274736
2024-09-24,8.920000076293945,8.920000076293945,8.829999923706055,8.859999656677246,752192
2024-09-25,8.880000114440918,8.949999809265137,8.850000381469727,8.869999885559082,993299
2024-09-26,8.890000343322754,8.930000305175781,8.8100004196167,8.829999923706055,1745169
2024-09-27,8.829999923706055,9.0,8.829999923706055,8.970000267028809,2790896
2024-09-30,8.970000267028809,9.09000015258789,8.970000267028809,9.0,3075076
2024-10-01,9.039999961853027,9.039999961853027,8.960000038146973,8.960000038146973,1289921
2024-10-04,8.960000038146973,9.0,8.930000305175781,8.949999809265137,742258
2024-10-07,9.010000228881836,9.010000228881836,8.930000305175781,8.960000038146973,1043112
2024-10-08,8.970000267028809,8.979999542236328,8.850000381469727,8.859999656677246,1538600
2024-10-09,8.869999885559082,8.869999885559082,8.59000015258789,8.609999656677246,3364854
2024-10-11,8.649999618530273,8.710000038146973,8.550000190734863,8.5600004196167,1821404
2024-10-14,8.579999923706055,8.619999885559082,8.539999961853027,8.600000381469727,1062860
2024-10-15,8.600000381469727,8.630000114440918,8.5,8.520000457763672,2110560
2024-10-16,8.520000457763672,8.550000190734863,8.470000267028809,8.479999542236328,1040824
2024-10-17,8.520000457763672,8.619999885559082,8.510000228881836,8.569999694824219,758219
2024-10-18,8.569999694824219,8.609999656677246,8.520000457763672,8.529999732971191,1105170
2024-10-21,8.59000015258789,8.59000015258789,8.520000457763672,8.5600004196167,1422260
2024-10-22,8.579999923706055,8.579999923706055,8.520000457763672,8.539999961853027,1360890
2024-10-23,8.550000190734863,8.630000114440918,8.539999961853027,8.600000381469727,1481065
2024-10-24,8.600000381469727,8.609999656677246,8.550000190734863,8.579999923706055,804913
2024-10-25,8.569999694824219,8.609999656677246,8.539999961853027,8.550000190734863,792576
2024-10-28,8.5600004196167,8.5600004196167,8.510000228881836,8.520000457763672,609187
2024-10-29,8.550000190734863,8.550000190734863,8.420000076293945,8.449999809265137,1783798
2024-10-30,8.460000038146973,8.460000038146973,8.399999618530273,8.40999984741211,1185594
2024-11-01,8.399999618530273,8.420000076293945,8.329999923706055,8.40999984741211,882584
2024-11-04,8.4399995803833,8.4399995803833,8.359999656677246,8.359999656677246,832903
2024-11-05,8.369999885559082,8.430000305175781,8.369999885559082,8.380000114440918,418907
2024-11-06,8.380000114440918,8.399999618530273,8.34000015258789,8.34000015258789,920245
2024-11-07,8.350000381469727,8.470000267028809,8.350000381469727,8.399999618530273,634521
2024-11-08,8.520000457763672,8.609999656677246,8.470000267028809,8.520000457763672,2060000
2024-11-11,8.550000190734863,8.550000190734863,8.479999542236328,8.510000228881836,718535
2024-11-12,8.470000267028809,8.479999542236328,8.390000343322754,8.40999984741211,1533038
2024-11-13,8.40999984741211,8.479999542236328,8.380000114440918,8.40999984741211,1027011
2024-11-14,8.430000305175781,8.430000305175781,8.34000015258789,8.359999656677246,1383002
2024-11-15,8.359999656677246,8.59000015258789,8.359999656677246,8.5,1648140
2024-11-18,8.510000228881836,8.539999961853027,8.449999809265137,8.489999771118164,814817
2024-11-19,8.489999771118164,8.520000457763672,8.460000038146973,8.520000457763672,481620
2024-11-20,8.489999771118164,8.489999771118164,8.489999771118164,8.489999771118164,548546
2024-11-21,8.479999542236328,8.5,8.430000305175781,8.489999771118164,480228
2024-11-22,8.5,8.550000190734863,8.5,8.529999732971191,809718
2024-11-25,8.529999732971191,8.619999885559082,8.529999732971191,8.600000381469727,1864422
2024-11-26,8.630000114440918,8.649999618530273,8.550000190734863,8.600000381469727,668202
2024-11-27,8.649999618530273,8.649999618530273,8.510000228881836,8.510000228881836,790501
2024-11-28,8.510000228881836,8.520000457763672,8.430000305175781,8.4399995803833,792231
2024-11-29,8.4399995803833,8.479999542236328,8.380000114440918,8.460000038146973,397556
2024-12-02,8.460000038146973,8.470000267028809,8.40999984741211,8.420000076293945,834272
2024-12-03,8.430000305175781,8.460000038146973,8.399999618530273,8.430000305175781,1063588
2024-12-04,8.430000305175781,8.449999809265137,8.380000114440918,8.390000343322754,1310244
2024-12-05,8.399999618530273,8.449999809265137,8.369999885559082,8.380000114440918,879047
2024-12-06,8.399999618530273,8.399999618530273,8.350000381469727,8.380000114440918,752864
2024-12-09,8.380000114440918,8.380000114440918,8.329999923706055,8.359999656677246,926249
2024-12-10,8.420000076293945,8.489999771118164,8.399999618530273,8.40999984741211,1373910
2024-12-11,8.40999984741211,8.40999984741211,8.350000381469727,8.350000381469727,1050283
2024-12-12,8.380000114440918,8.399999618530273,8.319999694824219,8.329999923706055,1112686
2024-12-13,8.369999885559082,8.369999885559082,8.15999984741211,8.180000305175781,2470838
2024-12-16,8.180000305175781,8.260000228881836,8.109999656677246,8.119999885559082,1472837
2024-12-17,8.130000114440918,8.1899995803833,8.109999656677246,8.119999885559082,896543
2024-12-18,8.119999885559082,8.15999984741211,8.050000190734863,8.149999618530273,729530
2024-12-19,8.100000381469727,8.119999885559082,8.029999732971191,8.050000190734863,1374934
2024-12-20,8.020000457763672,8.050000190734863,7.909999847412109,7.909999847412109,2098620
2024-12-23,7.949999809265137,8.039999961853027,7.949999809265137,7.96999979019165,697603
2024-12-24,8.0,8.100000381469727,7.989999771118164,7.989999771118164,903424
2024-12-25,8.069999694824219,8.069999694824219,7.989999771118164,7.989999771118164,762199
2024-12-26,8.010000228881836,8.119999885559082,8.010000228881836,8.039999961853027,654344
2024-12-27,8.09000015258789,8.109999656677246,8.029999732971191,8.09000015258789,585820
2024-12-30,8.079999923706055,8.079999923706055,8.0,8.029999732971191,645281
2024-12-31,8.029999732971191,8.029999732971191,7.949999809265137,7.989999771118164,701516
2025-01-02,7.960000038146973,8.0,7.929999828338623,7.949999809265137,663849
2025-01-03,7.96999979019165,8.050000190734863,7.909999847412109,7.909999847412109,946903
2025-01-06,7.96999979019165,8.020000457763672,7.920000076293945,8.0,622819
2025-01-07,8.020000457763672,8.069999694824219,7.920000076293945,7.920000076293945,957475
2025-01-08,7.989999771118164,7.989999771118164,7.900000095367432,7.920000076293945,923736
2025-01-09,7.929999828338623,7.960000038146973,7.829999923706055,7.829999923706055,1378007
2025-01-10,7.840000152587891,7.869999885559082,7.75,7.769999980926514,1298430
2025-01-13,7.760000228881836,7.769999980926514,7.599999904632568,7.699999809265137,1613581
2025-01-14,7.789999961853027,7.849999904632568,7.760000228881836,7.820000171661377,649038
2025-01-15,7.889999866485596,7.96999979019165,7.849999904632568,7.920000076293945,760064
2025-01-16,8.0,8.010000228881836,7.909999847412109,7.920000076293945,652318
2025-01-17,7.929999828338623,8.0600004196167,7.929999828338623,8.039999961853027,1238224
2025-01-20,8.15999984741211,8.15999984741211,7.989999771118164,8.050000190734863,1002846
2025-01-21,8.09000015258789,8.09000015258789,8.020000457763672,8.039999961853027,500725
2025-01-22,8.050000190734863,8.0600004196167,8.0,8.050000190734863,346816
2025-02-03,8.029999732971191,8.079999923706055,7.940000057220459,7.96999979019165,634480
2025-02-04,8.050000190734863,8.050000190734863,7.920000076293945,7.949999809265137,516929
2025-02-05,8.0,8.039999961853027,7.949999809265137,8.029999732971191,619727
2025-02-06,8.039999961853027,8.079999923706055,8.020000457763672,8.069999694824219,543613
2025-02-07,8.069999694824219,8.069999694824219,8.010000228881836,8.029999732971191,333801
2025-02-10,8.039999961853027,8.100000381469727,7.989999771118164,8.039999961853027,620553
2025-02-11,8.039999961853027,8.100000381469727,8.010000228881836,8.069999694824219,905804
2025-02-12,8.079999923706055,8.15999984741211,8.0600004196167,8.069999694824219,997101
2025-02-13,8.09000015258789,8.220000267028809,8.069999694824219,8.199999809265137,2020551
2025-02-14,8.279999732971191,8.279999732971191,8.1899995803833,8.270000457763672,1441280
2025-02-17,8.289999961853027,8.319999694824219,8.229999542236328,8.300000190734863,1120600
2025-02-18,8.300000190734863,8.3100004196167,8.210000038146973,8.220000267028809,1021425
2025-02-19,8.220000267028809,8.270000457763672,8.220000267028809,8.270000457763672,370831
2025-02-20,8.25,8.329999923706055,8.199999809265137,8.199999809265137,2200894
2025-02-21,8.25,8.289999961853027,8.220000267028809,8.25,418102
2025-02-24,8.220000267028809,8.289999961853027,8.220000267028809,8.270000457763672,519051
2025-02-25,8.220000267028809,8.329999923706055,8.220000267028809,8.3100004196167,1102553
2025-02-26,8.3100004196167,8.329999923706055,8.300000190734863,8.3100004196167,582358
2025-02-27,8.34000015258789,8.390000343322754,8.300000190734863,8.319999694824219,1177875
2025-03-03,8.319999694824219,8.319999694824219,8.25,8.289999961853027,545166
2025-03-04,8.25,8.329999923706055,8.199999809265137,8.329999923706055,725578
2025-03-05,8.34000015258789,8.390000343322754,8.289999961853027,8.380000114440918,1131956
2025-03-06,8.390000343322754,8.430000305175781,8.350000381469727,8.390000343322754,533323
2025-03-07,8.380000114440918,8.40999984741211,8.319999694824219,8.350000381469727,618020
2025-03-10,8.350000381469727,8.390000343322754,8.3100004196167,8.359999656677246,455883
2025-03-11,8.300000190734863,8.350000381469727,8.170000076293945,8.319999694824219,1001118
2025-03-12,8.329999923706055,8.380000114440918,8.239999771118164,8.270000457763672,405805
2025-03-13,8.5,8.529999732971191,8.329999923706055,8.369999885559082,3051524
2025-03-14,8.350000381469727,8.489999771118164,8.350000381469727,8.479999542236328,2779803
2025-03-17,8.510000228881836,8.59000015258789,8.470000267028809,8.5600004196167,1597814
2025-03-18,8.550000190734863,8.569999694824219,8.470000267028809,8.550000190734863,1401995
2025-03-19,8.569999694824219,8.569999694824219,8.460000038146973,8.510000228881836,1230119
2025-03-20,8.520000457763672,8.619999885559082,8.520000457763672,8.579999923706055,1965057
2025-03-21,8.550000190734863,8.609999656677246,8.520000457763672,8.600000381469727,1691627
2025-03-24,8.59000015258789,8.65999984741211,8.569999694824219,8.600000381469727,1656639
2025-03-25,8.65999984741211,8.65999984741211,8.550000190734863,8.5600004196167,1337870
2025-03-26,8.5600004196167,8.729999542236328,8.5600004196167,8.729999542236328,3555356
2025-03-27,8.720000267028809,8.739999771118164,8.640000343322754,8.699999809265137,929156
2025-03-28,8.65999984741211,8.680000305175781,8.59000015258789,8.649999618530273,2097552
2025-03-31,8.529999732971191,8.529999732971191,8.329999923706055,8.430000305175781,1502752
2025-04-01,8.470000267028809,8.569999694824219,8.460000038146973,8.539999961853027,1720197
2025-04-02,8.550000190734863,8.619999885559082,8.529999732971191,8.600000381469727,1213632
2025-04-07,7.739999771118164,7.840000152587891,7.739999771118164,7.739999771118164,5007589
2025-04-08,7.769999980926514,7.769999980926514,7.480000019073486,7.679999828338623,4198576
2025-04-09,7.579999923706055,7.619999885559082,7.239999771118164,7.380000114440918,4823106
2025-04-10,7.789999961853027,8.109999656677246,7.710000038146973,8.109999656677246,4058416
2025-04-11,7.96999979019165,8.15999984741211,7.800000190734863,8.09000015258789,1846407
2025-04-14,8.539999961853027,8.539999961853027,8.15999984741211,8.270000457763672,2250821
2025-04-15,8.289999961853027,8.539999961853027,8.289999961853027,8.489999771118164,1699153
2025-04-16,8.520000457763672,8.600000381469727,8.470000267028809,8.539999961853027,2305001
2025-04-17,8.5,8.569999694824219,8.470000267028809,8.550000190734863,1123370
2025-04-18,8.5600004196167,8.65999984741211,8.510000228881836,8.609999656677246,2309240
2025-04-21,8.619999885559082,8.729999542236328,8.59000015258789,8.670000076293945,2967024
2025-04-22,8.649999618530273,8.729999542236328,8.609999656677246,8.680000305175781,2102917
2025-04-23,8.729999542236328,8.739999771118164,8.609999656677246,8.649999618530273,2478323
2025-04-24,8.6899995803833,8.6899995803833,8.5,8.529999732971191,2389070
2025-04-25,8.5600004196167,8.619999885559082,8.479999542236328,8.479999542236328,1878011
2025-04-28,8.529999732971191,8.529999732971191,8.369999885559082,8.430000305175781,913005
2025-04-29,8.460000038146973,8.510000228881836,8.430000305175781,8.4399995803833,1015338
2025-04-30,8.4399995803833,8.489999771118164,8.380000114440918,8.399999618530273,656894
2025-05-02,8.40999984741211,8.520000457763672,8.40999984741211,8.5,695866
2025-05-05,8.529999732971191,8.9399995803833,8.529999732971191,8.720000267028809,7263904
2025-05-06,8.649999618530273,8.760000228881836,8.609999656677246,8.649999618530273,1470597
2025-05-07,8.609999656677246,8.729999542236328,8.569999694824219,8.569999694824219,832079
2025-05-08,8.619999885559082,8.640000343322754,8.489999771118164,8.489999771118164,982895
2025-05-09,8.479999542236328,8.510000228881836,8.430000305175781,8.489999771118164,923313
2025-05-12,8.489999771118164,8.5600004196167,8.479999542236328,8.510000228881836,629100
2025-05-13,8.510000228881836,8.5600004196167,8.460000038146973,8.489999771118164,771916
2025-05-14,8.5,8.520000457763672,8.420000076293945,8.4399995803833,683653
2025-05-15,8.399999618530273,8.399999618530273,8.220000267028809,8.270000457763672,2300105
2025-05-16,8.260000228881836,8.289999961853027,8.220000267028809,8.25,1091589
2025-05-19,8.220000267028809,8.25,8.09000015258789,8.09000015258789,1659100
2025-05-20,8.119999885559082,8.140000343322754,8.09000015258789,8.109999656677246,650033
2025-05-21,8.140000343322754,8.170000076293945,8.109999656677246,8.149999618530273,668769
2025-05-22,8.149999618530273,8.149999618530273,8.069999694824219,8.09000015258789,683001
2025-05-23,8.09000015258789,8.140000343322754,8.079999923706055,8.100000381469727,496146
2025-05-26,8.109999656677246,8.119999885559082,8.079999923706055,8.09000015258789,501552
2025-05-27,8.109999656677246,8.199999809265137,8.069999694824219,8.079999923706055,1093000
2025-05-28,8.109999656677246,8.119999885559082,8.010000228881836,8.020000457763672,799314
2025-05-29,8.020000457763672,8.050000190734863,7.909999847412109,7.920000076293945,1475897
2025-06-02,7.889999866485596,7.909999847412109,7.769999980926514,7.769999980926514,1213968
2025-06-03,7.809999942779541,7.820000171661377,7.71999979019165,7.739999771118164,912930
2025-06-04,7.760000228881836,7.880000114440918,7.760000228881836,7.800000190734863,890001
2025-06-05,7.809999942779541,7.880000114440918,7.800000190734863,7.840000152587891,452778
2025-06-06,7.800000190734863,7.880000114440918,7.800000190734863,7.829999923706055,296654
2025-06-09,7.889999866485596,7.889999866485596,7.78000020980835,7.789999961853027,535001
2025-06-10,7.800000190734863,7.880000114440918,7.789999961853027,7.869999885559082,598551
2025-06-11,7.920000076293945,7.920000076293945,7.829999923706055,7.920000076293945,450001
2025-06-12,7.900000095367432,7.900000095367432,7.820000171661377,7.860000133514404,434160
2025-06-13,7.809999942779541,7.840000152587891,7.769999980926514,7.769999980926514,1150516
2025-06-16,7.769999980926514,7.809999942779541,7.760000228881836,7.769999980926514,651200
2025-06-17,7.829999923706055,7.840000152587891,7.78000020980835,7.800000190734863,1122450
2025-06-18,7.800000190734863,7.829999923706055,7.789999961853027,7.829999923706055,636084
2025-06-19,7.829999923706055,7.840000152587891,7.699999809265137,7.699999809265137,1262344
2025-06-20,7.710000038146973,7.710000038146973,7.46999979019165,7.46999979019165,3948881
2025-06-23,7.449999809265137,7.449999809265137,7.309999942779541,7.369999885559082,1035060
2025-06-24,7.429999828338623,7.53000020980835,7.389999866485596,7.440000057220459,1555920
2025-06-25,7.449999809265137,7.489999771118164,7.440000057220459,7.460000038146973,500251
2025-06-26,7.510000228881836,7.590000152587891,7.46999979019165,7.519999980926514,694394
2025-06-27,7.550000190734863,7.610000133514404,7.519999980926514,7.579999923706055,536727
2025-06-30,7.579999923706055,7.590000152587891,7.460000038146973,7.5,382690
2025-07-01,7.510000228881836,7.630000114440918,7.510000228881836,7.539999961853027,392889
2025-07-02,7.519999980926514,7.599999904632568,7.5,7.599999904632568,242161
2025-07-03,7.599999904632568,7.679999828338623,7.599999904632568,7.670000076293945,554531
2025-07-04,7.639999866485596,7.679999828338623,7.559999942779541,7.599999904632568,390966
2025-07-07,7.590000152587891,7.619999885559082,7.510000228881836,7.570000171661377,219002
2025-07-08,7.590000152587891,7.590000152587891,7.46999979019165,7.480000019073486,428090
2025-07-09,7.53000020980835,7.559999942779541,7.5,7.53000020980835,292001
2025-07-10,7.53000020980835,7.550000190734863,7.489999771118164,7.53000020980835,248494
2025-07-11,7.570000171661377,7.599999904632568,7.519999980926514,7.579999923706055,412666
2025-07-14,7.599999904632568,7.630000114440918,7.579999923706055,7.630000114440918,256300
2025-07-15,7.679999828338623,7.679999828338623,7.610000133514404,7.650000095367432,495600
2025-07-16,7.610000133514404,7.690000057220459,7.599999904632568,7.650000095367432,525405
2025-07-17,7.650000095367432,7.71999979019165,7.639999866485596,7.699999809265137,703240
2025-07-18,7.699999809265137,7.760000228881836,7.699999809265137,7.760000228881836,470315
2025-07-21,7.760000228881836,7.820000171661377,7.739999771118164,7.78000020980835,334001
2025-07-22,7.809999942779541,7.809999942779541,7.679999828338623,7.690000057220459,347052
2025-07-23,7.690000057220459,7.800000190734863,7.690000057220459,7.769999980926514,495260
2025-07-24,7.800000190734863,7.800000190734863,7.699999809265137,7.760000228881836,396841
2025-07-25,7.760000228881836,7.800000190734863,7.710000038146973,7.769999980926514,443514
2025-07-28,7.789999961853027,7.809999942779541,7.739999771118164,7.800000190734863,577294
2025-07-29,7.769999980926514,7.840000152587891,7.75,7.769999980926514,593856
2025-07-30,7.769999980926514,7.889999866485596,7.75,7.860000133514404,1176587
2025-07-31,7.880000114440918,7.880000114440918,7.800000190734863,7.800000190734863,460738
2025-08-04,7.760000228881836,7.820000171661377,7.670000076293945,7.78000020980835,687858
2025-08-05,7.78000020980835,7.849999904632568,7.760000228881836,7.769999980926514,2188547
2025-08-06,7.769999980926514,7.829999923706055,7.769999980926514,7.800000190734863,454244
2025-08-07,7.849999904632568,7.880000114440918,7.829999923706055,7.849999904632568,638391
2025-08-08,7.869999885559082,7.960000038146973,7.869999885559082,7.889999866485596,906037
2025-08-11,7.880000114440918,7.980000019073486,7.849999904632568,7.920000076293945,499342
2025-08-12,7.900000095367432,8.029999732971191,7.889999866485596,8.0,1467537
2025-08-13,8.039999961853027,8.069999694824219,7.96999979019165,8.0,1127008
2025-08-14,8.050000190734863,8.079999923706055,8.010000228881836,8.039999961853027,907757
2025-08-15,8.039999961853027,8.050000190734863,7.989999771118164,8.029999732971191,878272
2025-08-18,8.050000190734863,8.15999984741211,8.050000190734863,8.109999656677246,2534000
2025-08-19,8.149999618530273,8.1899995803833,8.130000114440918,8.149999618530273,1229983
2025-08-20,8.15999984741211,8.170000076293945,8.0600004196167,8.0600004196167,1919300
2025-08-21,7.920000076293945,7.980000019073486,7.849999904632568,7.949999809265137,1882954
2025-08-22,7.949999809265137,7.949999809265137,7.880000114440918,7.900000095367432,1014122
2025-08-25,7.909999847412109,7.949999809265137,7.889999866485596,7.909999847412109,733072
2025-08-26,7.889999866485596,7.920000076293945,7.869999885559082,7.889999866485596,793122
2025-08-27,7.860000133514404,7.949999809265137,7.860000133514404,7.900000095367432,476637
2025-08-28,7.900000095367432,7.900000095367432,7.840000152587891,7.880000114440918,735865
2025-08-29,7.880000114440918,7.940000057220459,7.860000133514404,7.869999885559082,597230
2025-09-01,7.860000133514404,7.869999885559082,7.800000190734863,7.809999942779541,746762
2025-09-02,7.78000020980835,7.829999923706055,7.760000228881836,7.800000190734863,606949
2025-09-03,7.78000020980835,7.800000190734863,7.769999980926514,7.789999961853027,599579
2025-09-04,7.789999961853027,7.860000133514404,7.78000020980835,7.829999923706055,561000
2025-09-05,7.849999904632568,7.880000114440918,7.789999961853027,7.809999942779541,547210
2025-09-08,7.800000190734863,7.829999923706055,7.760000228881836,7.769999980926514,878911
2025-09-09,7.820000171661377,7.909999847412109,7.820000171661377,7.900000095367432,1238504
2025-09-10,7.980000019073486,7.980000019073486,7.880000114440918,7.900000095367432,1013108
2025-09-11,7.929999828338623,7.929999828338623,7.75,7.760000228881836,1285766
2025-09-12,7.789999961853027,7.820000171661377,7.75,7.800000190734863,1082684
2025-09-15,7.800000190734863,7.800000190734863,7.699999809265137,7.710000038146973,965161
2025-09-16,7.71999979019165,7.769999980926514,7.699999809265137,7.71999979019165,606456
2025-09-17,7.71999979019165,7.840000152587891,7.71999979019165,7.78000020980835,695584
2025-09-18,7.800000190734863,7.809999942779541,7.769999980926514,7.789999961853027,509629
2025-09-19,7.800000190734863,7.860000133514404,7.760000228881836,7.820000171661377,715092
2025-09-22,7.820000171661377,7.829999923706055,7.769999980926514,7.800000190734863,1090505
2025-09-23,7.800000190734863,7.820000171661377,7.769999980926514,7.789999961853027,591765
2025-09-24,7.800000190734863,7.849999904632568,7.789999961853027,7.800000190734863,573325
2025-09-25,7.800000190734863,7.929999828338623,7.800000190734863,7.849999904632568,1348225
2025-09-26,7.849999904632568,7.989999771118164,7.849999904632568,7.909999847412109,2633664
2025-09-30,8.0,8.050000190734863,7.909999847412109,7.940000057220459,1494639
2025-10-01,7.940000057220459,7.960000038146973,7.869999885559082,7.909999847412109,760676
2025-10-02,7.920000076293945,7.949999809265137,7.880000114440918,7.900000095367432,790700
2025-10-03,7.929999828338623,7.929999828338623,7.829999923706055,7.849999904632568,767323
2025-10-07,7.869999885559082,7.920000076293945,7.829999923706055,7.829999923706055,800009
2025-10-08,7.840000152587891,7.900000095367432,7.800000190734863,7.889999866485596,549269
2025-10-09,7.889999866485596,7.96999979019165,7.869999885559082,7.900000095367432,1150938
2025-10-13,7.980000019073486,8.210000038146973,7.940000057220459,8.210000038146973,3418305
2025-10-14,8.300000190734863,8.420000076293945,8.180000305175781,8.220000267028809,5264475
2025-10-15,8.279999732971191,8.369999885559082,8.170000076293945,8.34000015258789,2541122
2025-10-16,8.369999885559082,8.369999885559082,8.25,8.270000457763672,2179211
2025-10-17,8.300000190734863,8.399999618530273,8.260000228881836,8.260000228881836,2122587
2025-10-20,8.260000228881836,8.289999961853027,8.1899995803833,8.229999542236328,1389524
2025-10-21,8.25,8.289999961853027,8.210000038146973,8.210000038146973,918101
2025-10-22,8.229999542236328,8.350000381469727,8.229999542236328,8.319999694824219,2092072
2025-10-23,8.319999694824219,8.380000114440918,8.279999732971191,8.279999732971191,953816
2025-10-27,8.359999656677246,8.369999885559082,8.289999961853027,8.329999923706055,2094490
2025-10-28,8.329999923706055,8.329999923706055,8.229999542236328,8.260000228881836,941771
2025-10-29,8.319999694824219,8.319999694824219,8.229999542236328,8.300000190734863,1198574
2025-10-30,8.3100004196167,8.3100004196167,8.199999809265137,8.25,1025685
2025-10-31,8.25,8.25,8.1899995803833,8.199999809265137,989304
2025-11-03,8.199999809265137,8.289999961853027,8.180000305175781,8.239999771118164,1577522
2025-11-04,8.289999961853027,8.329999923706055,8.220000267028809,8.319999694824219,1658302
2025-11-05,8.279999732971191,8.279999732971191,8.170000076293945,8.25,1693163
2025-11-06,8.25,8.489999771118164,8.25,8.479999542236328,3284655
2025-11-07,8.479999542236328,8.520000457763672,8.350000381469727,8.350000381469727,2417058
2025-11-10,8.369999885559082,8.479999542236328,8.34000015258789,8.350000381469727,1418522
2025-11-11,8.319999694824219,8.380000114440918,8.3100004196167,8.3100004196167,1303669
2025-11-12,8.319999694824219,8.479999542236328,8.319999694824219,8.430000305175781,1738709
2025-11-13,8.470000267028809,8.489999771118164,8.399999618530273,8.4399995803833,1708167
2025-11-14,8.390000343322754,8.430000305175781,8.359999656677246,8.369999885559082,2117927
2025-11-17,8.449999809265137,8.449999809265137,8.210000038146973,8.270000457763672,2056028
2025-11-18,8.25,8.25,8.149999618530273,8.170000076293945,892937
2025-11-19,8.15999984741211,8.170000076293945,8.069999694824219,8.119999885559082,1150631
2025-11-20,8.140000343322754,8.270000457763672,8.140000343322754,8.170000076293945,826370
2025-11-21,8.170000076293945,8.239999771118164,8.069999694824219,8.109999656677246,1041121
2025-11-24,8.149999618530273,8.1899995803833,8.109999656677246,8.149999618530273,652990
2025-11-25,8.149999618530273,8.1899995803833,8.109999656677246,8.140000343322754,700458
2025-11-26,8.130000114440918,8.210000038146973,8.119999885559082,8.170000076293945,363451
2025-11-27,8.15999984741211,8.220000267028809,8.100000381469727,8.149999618530273,709076
2025-11-28,8.149999618530273,8.300000190734863,8.149999618530273,8.220000267028809,710467
2025-12-01,8.229999542236328,8.3100004196167,8.229999542236328,8.279999732971191,749010
2025-12-02,8.270000457763672,8.40999984741211,8.270000457763672,8.329999923706055,1778997
2025-12-03,8.369999885559082,8.380000114440918,8.300000190734863,8.359999656677246,1147908
2025-12-04,8.359999656677246,8.369999885559082,8.25,8.25,987123
2025-12-05,8.260000228881836,8.270000457763672,8.180000305175781,8.210000038146973,645704
2025-12-08,8.210000038146973,8.25,8.199999809265137,8.229999542236328,798083
2025-12-09,8.25,8.25,8.199999809265137,8.239999771118164,354010
2025-12-10,8.239999771118164,8.239999771118164,8.15999984741211,8.170000076293945,538785
2025-12-11,8.229999542236328,8.369999885559082,8.220000267028809,8.369999885559082,2461266
2025-12-12,8.420000076293945,8.449999809265137,8.350000381469727,8.350000381469727,1649950
2025-12-15,8.369999885559082,8.489999771118164,8.369999885559082,8.4399995803833,1996675
2025-12-16,8.489999771118164,8.489999771118164,8.350000381469727,8.399999618530273,946297
2025-12-17,8.4399995803833,8.460000038146973,8.329999923706055,8.329999923706055,828167
2025-12-18,8.380000114440918,8.380000114440918,8.270000457763672,8.279999732971191,916187
2025-12-19,8.350000381469727,8.350000381469727,8.300000190734863,8.3100004196167,787359
2025-12-22,8.319999694824219,8.380000114440918,8.319999694824219,8.369999885559082,563727
2025-12-23,8.369999885559082,8.399999618530273,8.25,8.34000015258789,794420
2025-12-24,8.350000381469727,8.350000381469727,8.25,8.260000228881836,1617343
2025-12-26,8.279999732971191,8.289999961853027,8.199999809265137,8.210000038146973,1174360
2025-12-29,8.199999809265137,8.289999961853027,8.1899995803833,8.199999809265137,1461510
2025-12-30,8.1899995803833,8.199999809265137,8.09000015258789,8.140000343322754,1809285
2025-12-31,8.130000114440918,8.1899995803833,8.079999923706055,8.079999923706055,1786392
2026-01-02,8.079999923706055,8.140000343322754,8.050000190734863,8.050000190734863,1393791
2026-01-05,8.050000190734863,8.050000190734863,7.960000038146973,7.980000019073486,2249532
2026-01-06,8.0,8.069999694824219,7.989999771118164,8.0600004196167,946424
2026-01-07,8.069999694824219,8.199999809265137,8.069999694824219,8.15999984741211,2482942
2026-01-08,8.479999542236328,8.970000267028809,8.479999542236328,8.970000267028809,18684645
2026-01-09,9.279999732971191,9.569999694824219,8.899999618530273,8.949999809265137,39504812
2026-01-12,9.0,9.130000114440918,8.819999694824219,8.890000343322754,9236627
2026-01-13,8.970000267028809,9.0600004196167,8.789999961853027,9.0,7913695
2026-01-14,9.079999923706055,9.15999984741211,9.029999732971191,9.130000114440918,6476943
2026-01-15,9.15999984741211,9.239999771118164,9.079999923706055,9.180000305175781,5591409
2026-01-16,9.220000267028809,9.220000267028809,9.039999961853027,9.079999923706055,5105374
2026-01-19,9.100000381469727,9.34000015258789,9.079999923706055,9.170000076293945,6039437
2026-01-20,9.1899995803833,9.199999809265137,8.989999771118164,9.069999694824219,4782834
2026-01-21,9.09000015258789,9.289999961853027,9.010000228881836,9.220000267028809,5330179
2026-01-22,9.270000457763672,9.270000457763672,9.09000015258789,9.109999656677246,3146617
2026-01-23,9.130000114440918,9.15999984741211,9.050000190734863,9.100000381469727,2442086
2026-01-26,9.100000381469727,9.359999656677246,9.100000381469727,9.319999694824219,6008030
2026-01-27,9.390000343322754,9.4399995803833,9.1899995803833,9.199999809265137,4426946
2026-01-28,9.260000228881836,9.380000114440918,9.180000305175781,9.289999961853027,6211289
2026-01-29,9.319999694824219,9.319999694824219,9.100000381469727,9.15999984741211,4220065
2026-01-30,9.1899995803833,9.210000038146973,9.0600004196167,9.09000015258789,3323443
2026-02-02,9.09000015258789,9.170000076293945,9.010000228881836,9.170000076293945,2697797
2026-02-03,9.210000038146973,9.260000228881836,9.010000228881836,9.09000015258789,3100740
2026-02-04,9.09000015258789,9.229999542236328,8.979999542236328,9.199999809265137,2744693
2026-02-05,9.210000038146973,9.220000267028809,9.109999656677246,9.199999809265137,1561002
2026-02-06,9.149999618530273,9.199999809265137,9.039999961853027,9.119999885559082,1932340
2026-02-09,9.170000076293945,9.239999771118164,9.029999732971191,9.079999923706055,2235106
2026-02-10,9.039999961853027,9.130000114440918,9.020000457763672,9.09000015258789,1727855
2026-02-11,9.180000305175781,9.479999542236328,9.180000305175781,9.25,7156531
2026-02-23,9.34000015258789,9.390000343322754,9.229999542236328,9.3100004196167,3405749
2026-02-24,9.329999923706055,9.470000267028809,9.319999694824219,9.449999809265137,5279531
2026-02-25,9.489999771118164,9.930000305175781,9.489999771118164,9.930000305175781,11216115
2026-02-26,10.0,10.050000190734863,9.729999542236328,10.0,8749422
2026-03-02,9.890000343322754,10.050000190734863,9.789999961853027,9.829999923706055,4262531
2026-03-03,9.890000343322754,9.890000343322754,9.579999923706055,9.729999542236328,4795625
2026-03-04,9.84000015258789,9.84000015258789,9.520000457763672,9.619999885559082,4230582
2026-03-05,9.789999961853027,9.880000114440918,9.640000343322754,9.75,3609104
2026-03-06,9.920000076293945,10.350000381469727,9.789999961853027,10.199999809265137,14626357
2026-03-09,10.0,10.5,9.729999542236328,9.760000228881836,12078723
2026-03-10,9.829999923706055,9.84000015258789,9.600000381469727,9.649999618530273,6296275
2026-03-11,9.649999618530273,9.930000305175781,9.649999618530273,9.880000114440918,4803629
2026-03-12,9.65999984741211,9.65999984741211,9.020000457763672,9.170000076293945,16113706
2026-03-13,9.020000457763672,9.350000381469727,9.0,9.229999542236328,6013675
2026-03-16,9.3100004196167,9.600000381469727,9.300000190734863,9.380000114440918,6306215
2026-03-17,9.529999732971191,10.100000381469727,9.449999809265137,9.84000015258789,12304319
2026-03-18,10.0,10.0,9.600000381469727,9.630000114440918,6521371
2026-03-19,9.699999809265137,9.960000038146973,9.529999732971191,9.890000343322754,6339624
2026-03-20,10.0,10.149999618530273,9.680000305175781,9.680000305175781,7321382
2026-03-23,9.65999984741211,9.75,9.470000267028809,9.479999542236328,4948584
2026-03-24,9.609999656677246,9.609999656677246,9.319999694824219,9.380000114440918,2989439
2026-03-25,9.420000076293945,9.710000038146973,9.420000076293945,9.640000343322754,4115459
2026-03-26,9.670000076293945,9.859999656677246,9.59000015258789,9.59000015258789,2962638
2026-03-27,9.550000190734863,9.710000038146973,9.529999732971191,9.699999809265137,1661405
2026-03-30,9.649999618530273,10.050000190734863,9.640000343322754,9.899999618530273,9666282
2026-03-31,9.989999771118164,10.199999809265137,9.65999984741211,9.720000267028809,10394070
2026-04-01,9.720000267028809,9.75,9.600000381469727,9.699999809265137,2923891
2026-04-02,9.699999809265137,9.779999732971191,9.510000228881836,9.529999732971191,3095539
2026-04-07,9.579999923706055,9.579999923706055,9.449999809265137,9.510000228881836,2025005
2026-04-08,9.630000114440918,9.630000114440918,9.449999809265137,9.569999694824219,2734284
2026-04-09,9.550000190734863,9.579999923706055,9.420000076293945,9.460000038146973,1957073
2026-04-10,9.829999923706055,10.25,9.8100004196167,10.199999809265137,20426504
2026-04-13,10.600000381469727,10.649999618530273,10.050000190734863,10.149999618530273,15274275
2026-04-14,10.149999618530273,10.25,10.0,10.100000381469727,7678156
2026-04-15,10.199999809265137,10.199999809265137,9.850000381469727,9.920000076293945,6662150
2026-04-16,9.930000305175781,9.930000305175781,9.819999694824219,9.859999656677246,2822713
2026-04-17,9.869999885559082,9.9399995803833,9.600000381469727,9.630000114440918,4777329
2026-04-20,9.760000228881836,9.760000228881836,9.649999618530273,9.739999771118164,2863279
2026-04-21,9.850000381469727,10.149999618530273,9.850000381469727,9.920000076293945,7079562
2026-04-22,9.979999542236328,9.989999771118164,9.760000228881836,9.760000228881836,3571762
2026-04-23,9.829999923706055,9.960000038146973,9.449999809265137,9.949999809265137,8782275
2026-04-24,9.949999809265137,9.949999809265137,9.569999694824219,9.630000114440918,4610248
2026-04-27,9.600000381469727,9.670000076293945,9.449999809265137,9.670000076293945,3343234
2026-04-28,9.680000305175781,9.680000305175781,9.550000190734863,9.5600004196167,2097356
2026-04-29,9.579999923706055,9.649999618530273,9.510000228881836,9.600000381469727,2071514
2026-04-30,9.630000114440918,9.670000076293945,9.390000343322754,9.399999618530273,3743705
2026-05-04,9.460000038146973,9.460000038146973,9.25,9.260000228881836,3635990
2026-05-05,9.260000228881836,9.3100004196167,9.239999771118164,9.260000228881836,1868529
2026-05-06,9.260000228881836,9.319999694824219,9.119999885559082,9.180000305175781,3525177
2026-05-07,9.210000038146973,9.229999542236328,9.020000457763672,9.140000343322754,4772116
2026-05-08,9.149999618530273,9.359999656677246,9.149999618530273,9.229999542236328,2583176
2026-05-11,9.539999961853027,9.880000114440918,9.539999961853027,9.8100004196167,8665942
2026-05-12,9.630000114440918,10.300000190734863,9.630000114440918,10.25,20983671
2026-05-13,10.149999618530273,10.149999618530273,9.880000114440918,9.890000343322754,6915875
2026-05-14,10.0,10.100000381469727,9.890000343322754,10.0,4364419
2026-05-15,10.050000190734863,10.100000381469727,9.8100004196167,9.84000015258789,4823332
2026-05-18,9.850000381469727,9.880000114440918,9.640000343322754,9.75,4557428
2026-05-19,9.75,9.930000305175781,9.640000343322754,9.670000076293945,3141514
2026-05-20,9.670000076293945,9.6899995803833,9.489999771118164,9.520000457763672,2893991
2026-05-21,9.539999961853027,9.8100004196167,9.539999961853027,9.800000190734863,3159041
2026-05-22,9.800000190734863,9.800000190734863,9.619999885559082,9.670000076293945,2304249
2026-05-25,9.710000038146973,9.710000038146973,9.539999961853027,9.649999618530273,2512481
2026-05-26,9.649999618530273,9.699999809265137,9.510000228881836,9.510000228881836,2545683
2026-05-27,9.600000381469727,9.619999885559082,9.369999885559082,9.399999618530273,4272284
2026-05-28,9.460000038146973,9.479999542236328,9.300000190734863,9.369999885559082,2544355
2026-05-29,9.449999809265137,9.539999961853027,9.390000343322754,9.5,2467200
2026-06-01,9.65999984741211,9.960000038146973,9.510000228881836,9.8100004196167,8104485
2026-06-02,9.890000343322754,10.100000381469727,9.770000457763672,10.0,8866276
2026-06-03,10.100000381469727,11.0,10.050000190734863,11.0,48628704
2026-06-04,11.899999618530273,12.100000381469727,11.600000381469727,12.100000381469727,39041849
2026-06-05,12.100000381469727,12.149999618530273,10.899999618530273,11.5,64754353
2026-06-08,12.649999618530273,12.649999618530273,12.649999618530273,12.649999618530273,19040322
2026-06-09,13.899999618530273,13.899999618530273,13.899999618530273,13.899999618530273,14756599
2026-06-10,14.25,14.699999809265137,12.899999618530273,13.100000381469727,110330715
2026-06-11,13.949999809265137,14.399999618530273,13.300000190734863,14.399999618530273,98265413
2026-06-12,14.949999809265137,15.699999809265137,14.149999618530273,15.199999809265137,132408144
2026-06-15,16.0,16.700000762939453,16.0,16.700000762939453,50390915
2026-06-16,17.399999618530273,18.200000762939453,16.799999237060547,17.950000762939453,32474007
2026-06-17,18.0,19.25,18.0,19.25,26624357
2026-06-18,20.049999237060547,20.700000762939453,20.049999237060547,20.350000381469727,31708216
2026-06-22,19.799999237060547,19.799999237060547,18.350000381469727,18.350000381469727,25985594
2026-06-23,18.0,18.0,17.049999237060547,17.850000381469727,21497060
2026-06-24,18.200000762939453,19.200000762939453,18.200000762939453,19.049999237060547,13385139
2026-06-25,19.450000762939453,19.549999237060547,18.5,18.5,12228686
2026-06-26,18.600000381469727,18.75,18.0,18.549999237060547,7382461
2026-06-29,18.200000762939453,19.399999618530273,18.200000762939453,18.899999618530273,7125075
2026-06-30,19.600000381469727,19.799999237060547,19.350000381469727,19.649999618530273,9169576
2026-07-01,20.0,20.399999618530273,19.299999237060547,19.299999237060547,10141464
2026-07-02,19.100000381469727,20.700000762939453,19.100000381469727,20.700000762939453,10250685
2026-07-03,21.0,22.75,21.0,22.75,16583219
2026-07-06,25.0,25.0,20.549999237060547,20.899999618530273,140907397
2026-07-07,20.600000381469727,21.299999237060547,18.850000381469727,18.850000381469727,77797486
2026-07-08,18.549999237060547,19.049999237060547,17.5,17.75,46994897
2026-07-09,17.899999618530273,17.950000762939453,17.149999618530273,17.25,22597663
2026-07-10,17.25,17.25,17.25,17.25,0
2026-07-13,17.5,18.25,16.450000762939453,16.649999618530273,38837309
2026-07-14,16.450000762939453,17.600000381469727,16.149999618530273,17.049999237060547,46768245
2026-07-15,17.350000381469727,17.350000381469727,16.299999237060547,16.700000762939453,22490389
2026-07-16,16.649999618530273,16.75,16.100000381469727,16.200000762939453,14284750
2026-07-17,15.850000381469727,15.949999809265137,15.149999618530273,15.300000190734863,22932996
2026-07-20,15.550000190734863,15.600000381469727,14.5,15.0,20659178
2026-07-21,15.550000190734863,15.550000190734863,14.800000190734863,15.199999809265137,15455121
2026-07-22,15.350000381469727,16.149999618530273,15.25,15.699999809265137,21579297
2026-07-23,16.0,16.149999618530273,15.100000381469727,15.449999809265137,12529398
2026-07-24,15.350000381469727,15.449999809265137,14.850000381469727,14.899999618530273,10277074
2026-07-27,14.800000190734863,14.949999809265137,14.050000190734863,14.449999809265137,16289148
2026-07-28,14.199999809265137,14.199999809265137,13.550000190734863,13.649999618530273,13796096
2026-07-29,13.850000381469727,13.850000381469727,12.800000190734863,13.199999809265137,17901301
2026-07-30,13.0,13.25,12.449999809265137,12.600000381469727,13744342
2026-07-31,13.850000381469727,13.850000381469727,12.75,13.050000190734863,14725023
2026-08-03,13.050000190734863,14.350000381469727,12.949999809265137,14.350000381469727,18747704
2026-08-04,14.350000381469727,14.550000190734863,13.649999618530273,14.550000190734863,21324507
2026-08-05,15.149999618530273,15.300000190734863,14.600000381469727,14.75,17408547
2026-08-06,15.949999809265137,16.200000762939453,15.899999618530273,16.200000762939453,19050902
2026-08-07,17.0,17.0,15.5,15.75,47226753
2026-08-10,16.0,17.25,15.949999809265137,16.649999618530273,35748732
2026-08-11,16.450000762939453,17.200000762939453,16.25,16.649999618530273,23007297
2026-08-12,16.649999618530273,17.5,16.649999618530273,17.399999618530273,24708585
2026-08-13,17.399999618530273,17.549999237060547,16.549999237060547,16.700000762939453,28599376
2026-08-14,16.700000762939453,17.100000381469727,16.25,16.399999618530273,17090875
2026-08-17,16.75,17.5,16.5,17.149999618530273,23931933
2026-08-18,17.200000762939453,17.299999237060547,16.549999237060547,16.899999618530273,13469240
2026-08-19,16.649999618530273,16.950000762939453,16.549999237060547,16.75,7737738
2026-08-20,16.899999618530273,17.200000762939453,16.850000381469727,17.0,10214510
2026-08-21,17.0,17.350000381469727,16.850000381469727,17.0,12783588
2026-08-24,17.049999237060547,17.149999618530273,16.5,16.649999618530273,12869718
2026-08-25,16.549999237060547,16.600000381469727,15.949999809265137,16.5,10016350
2026-08-26,16.450000762939453,16.700000762939453,16.399999618530273,16.549999237060547,6039866
2026-08-27,16.799999237060547,17.149999618530273,16.5,16.549999237060547,12365754
2026-08-28,16.75,16.899999618530273,16.549999237060547,16.700000762939453,8072032
2026-08-31,16.549999237060547,16.950000762939453,16.549999237060547,16.899999618530273,9929624
2026-09-01,17.649999618530273,18.549999237060547,17.549999237060547,18.549999237060547,30522073
2026-09-02,18.549999237060547,18.549999237060547,17.200000762939453,17.350000381469727,56736885
2026-09-03,17.399999618530273,17.75,16.549999237060547,16.549999237060547,21200288
2026-09-04,16.75,16.850000381469727,16.25,16.649999618530273,9297965
2026-09-07,16.75,16.75,16.350000381469727,16.450000762939453,7873914
2026-09-08,16.5,16.600000381469727,16.25,16.25,4997793
2026-09-09,16.299999237060547,16.850000381469727,16.299999237060547,16.799999237060547,7514269
2026-09-10,16.75,16.75,16.450000762939453,16.5,5373228
2026-09-11,15.649999618530273,15.850000381469727,15.300000190734863,15.350000381469727,19647050
2026-09-14,14.699999809265137,15.149999618530273,14.649999618530273,14.949999809265137,13186131
2026-09-15,14.899999618530273,15.350000381469727,14.899999618530273,15.149999618530273,5050431
2026-09-16,15.25,15.649999618530273,15.199999809265137,15.600000381469727,5839002
2026-09-17,15.649999618530273,16.25,15.550000190734863,16.049999237060547,10338708
2026-09-18,16.25,16.25,15.649999618530273,15.699999809265137,7632962
2026-09-21,15.699999809265137,16.049999237060547,15.550000190734863,15.949999809265137,6229832
2026-09-22,16.200000762939453,16.200000762939453,15.949999809265137,16.100000381469727,7370150
2026-09-23,16.200000762939453,16.25,15.800000190734863,15.800000190734863,5374272
2026-09-24,15.800000190734863,16.0,15.550000190734863,15.75,4034063
